Pat?()	Seqs(fore)	Seqs(back)	Matches(fore)	Matches(back)	MatchesPropRatio(fore,back)	Hyper(fore,back)
Q.VW	66	25	66	25	2.576923076923077	9.8126976932397e-06
E.YK.N	23	2	23	2	8	9.635541970595378e-06
QPNW	23	2	23	2	8	9.635541970595378e-06
YQPV	23	2	23	2	8	9.635541970595378e-06
K...N.SV	23	2	23	2	8	9.635541970595378e-06
RYQ.M	23	2	23	2	8	9.635541970595378e-06
C...R...R	23	2	23	2	8	9.635541970595378e-06
YQ.VW	23	2	23	2	8	9.635541970595378e-06
D..LYK	23	2	23	2	8	9.635541970595378e-06
NT..AP	23	2	23	2	8	9.635541970595378e-06
VW.F..V	23	2	23	2	8	9.635541970595378e-06
YQ.NW	23	2	23	2	8	9.635541970595378e-06
LYKI	23	2	23	2	8	9.635541970595378e-06
N.SV.T	23	2	23	2	8	9.635541970595378e-06
T.N.SV	23	2	23	2	8	9.635541970595378e-06
STN.K	23	2	23	2	8	9.635541970595378e-06
S.....S.WQ	23	2	23	2	8	9.635541970595378e-06
V.Y.ST	23	2	23	2	8	9.635541970595378e-06
T...VWV	23	2	23	2	8	9.635541970595378e-06
CA...T	23	2	23	2	8	9.635541970595378e-06
Y..WVF	23	2	23	2	8	9.635541970595378e-06
K..V.VF	23	2	23	2	8	9.635541970595378e-06
N.SV.W	23	2	23	2	8	9.635541970595378e-06
QP.WL	23	2	23	2	8	9.635541970595378e-06
ELY.I	23	2	23	2	8	9.635541970595378e-06
WD...M	23	2	23	2	8	9.635541970595378e-06
V.VF..V	23	2	23	2	8	9.635541970595378e-06
T....WVF	23	2	23	2	8	9.635541970595378e-06
N.Y.QD	23	2	23	2	8	9.635541970595378e-06
W.Q..QD	23	2	23	2	8	9.635541970595378e-06
RY...WL	23	2	23	2	8	9.635541970595378e-06
V.VFC	23	2	23	2	8	9.635541970595378e-06
LYKK	23	2	23	2	8	9.635541970595378e-06
WQH....R	23	2	23	2	8	9.635541970595378e-06
FDY.E	23	2	23	2	8	9.635541970595378e-06
E.YK....Q	23	2	23	2	8	9.635541970595378e-06
KK.KQ	23	2	23	2	8	9.635541970595378e-06
S......R.P	23	2	23	2	8	9.635541970595378e-06
W..VW.F	23	2	23	2	8	9.635541970595378e-06
D.ELY	23	2	23	2	8	9.635541970595378e-06
RE.Y..C	23	2	23	2	8	9.635541970595378e-06
LYK..E	23	2	23	2	8	9.635541970595378e-06
LKMC	23	2	23	2	8	9.635541970595378e-06
C.......W.H	23	2	23	2	8	9.635541970595378e-06
SW.TF	23	2	23	2	8	9.635541970595378e-06
NQ..Q....D	23	2	23	2	8	9.635541970595378e-06
LYK.N	23	2	23	2	8	9.635541970595378e-06
P.E.YK	23	2	23	2	8	9.635541970595378e-06
VW.FC	23	2	23	2	8	9.635541970595378e-06
LP.C.Q	23	2	23	2	8	9.635541970595378e-06
CM..L..C	23	2	23	2	8	9.635541970595378e-06
V...L..V	23	2	23	2	8	9.635541970595378e-06
M.E.LP	23	2	23	2	8	9.635541970595378e-06
N...QD.D	23	2	23	2	8	9.635541970595378e-06
N......W.H	28	4	28	4	5.8	9.545804714002193e-06
D..C.....P	28	4	28	4	5.8	9.545804714002193e-06
S...E..R	28	4	28	4	5.8	9.545804714002193e-06
L..E.KR	28	4	28	4	5.8	9.545804714002193e-06
A.....HF	28	4	28	4	5.8	9.545804714002193e-06
L....V.V	28	4	28	4	5.8	9.545804714002193e-06
P.LP.C	28	4	28	4	5.8	9.545804714002193e-06
A....V..F	28	4	28	4	5.8	9.545804714002193e-06
E.M.AV	28	4	28	4	5.8	9.545804714002193e-06
T..A..E	28	4	28	4	5.8	9.545804714002193e-06
D.C......C	28	4	28	4	5.8	9.545804714002193e-06
M....E..R	28	4	28	4	5.8	9.545804714002193e-06
D.VG	28	4	28	4	5.8	9.545804714002193e-06
L.K..G	28	4	28	4	5.8	9.545804714002193e-06
V...QH	58	20	58	20	2.8095238095238098	9.488143390565434e-06
C..TL	46	13	46	13	3.357142857142857	9.383842061680495e-06
A....W.H	46	13	46	13	3.357142857142857	9.383842061680495e-06
DN....D	46	13	46	13	3.357142857142857	9.383842061680495e-06
Q..VF	46	13	46	13	3.357142857142857	9.383842061680495e-06
K....QH	53	17	53	17	3	9.360639194396043e-06
NC.V	53	17	53	17	3	9.360639194396043e-06
F.Y...H	53	17	53	17	3	9.360639194396043e-06
C.Q.L	63	23	63	23	2.6666666666666665	9.092023274248994e-06
S.W..Q	71	28	71	28	2.4827586206896552	8.803010187043754e-06
CM....P	48	14	48	14	3.2666666666666666	8.521034614451977e-06
S.W...W	48	14	48	14	3.2666666666666666	8.521034614451977e-06
D.KL	48	14	48	14	3.2666666666666666	8.521034614451977e-06
VF...P	48	14	48	14	3.2666666666666666	8.521034614451977e-06
AN.S	48	14	48	14	3.2666666666666666	8.521034614451977e-06
F.N..V	48	14	48	14	3.2666666666666666	8.521034614451977e-06
F...SV	48	14	48	14	3.2666666666666666	8.521034614451977e-06
WKW	48	14	48	14	3.2666666666666666	8.521034614451977e-06
QN....L	55	18	55	18	2.9473684210526314	8.23415626054835e-06
LS..Q	55	18	55	18	2.9473684210526314	8.23415626054835e-06
TF.P	55	18	55	18	2.9473684210526314	8.23415626054835e-06
W.HY	60	21	60	21	2.772727272727273	8.2198720167796e-06
W.HN	65	24	65	24	2.64	7.795870666848174e-06
WQ..A	50	15	50	15	3.1875000000000004	7.673757645074978e-06
WQ.C	50	15	50	15	3.1875000000000004	7.673757645074978e-06
LR..C	50	15	50	15	3.1875000000000004	7.673757645074978e-06
N..YQ	50	15	50	15	3.1875000000000004	7.673757645074978e-06
N..S..Q	50	15	50	15	3.1875000000000004	7.673757645074978e-06
I.VW	50	15	50	15	3.1875000000000004	7.673757645074978e-06
R.QP.WQ	17	0	17	0	18	7.588973202949973e-06
NQ..QD..Q	17	0	17	0	18	7.588973202949973e-06
TK.LYK	17	0	17	0	18	7.588973202949973e-06
RY..KW	17	0	17	0	18	7.588973202949973e-06
NQ...D..I	17	0	17	0	18	7.588973202949973e-06
YQP.WI	17	0	17	0	18	7.588973202949973e-06
TKELY	17	0	17	0	18	7.588973202949973e-06
DYE.M	17	0	17	0	18	7.588973202949973e-06
M....P.CL	17	0	17	0	18	7.588973202949973e-06
RY...W.M	17	0	17	0	18	7.588973202949973e-06
RY...WG	17	0	17	0	18	7.588973202949973e-06
RY...WK	17	0	17	0	18	7.588973202949973e-06
M..Y.W.H	17	0	17	0	18	7.588973202949973e-06
TNTH	17	0	17	0	18	7.588973202949973e-06
H....S.W.H	17	0	17	0	18	7.588973202949973e-06
QH..C.L	17	0	17	0	18	7.588973202949973e-06
QFE...Y	17	0	17	0	18	7.588973202949973e-06
RY.P..Q	17	0	17	0	18	7.588973202949973e-06
R.KELYK	17	0	17	0	18	7.588973202949973e-06
QH.YC.L	17	0	17	0	18	7.588973202949973e-06
A....MHF	17	0	17	0	18	7.588973202949973e-06
TEQ....M	17	0	17	0	18	7.588973202949973e-06
RY.P.WG	17	0	17	0	18	7.588973202949973e-06
R.QP.W.M	17	0	17	0	18	7.588973202949973e-06
QP.WG	17	0	17	0	18	7.588973202949973e-06
E.C....TP	17	0	17	0	18	7.588973202949973e-06
RY.P..F	17	0	17	0	18	7.588973202949973e-06
MHF...F	17	0	17	0	18	7.588973202949973e-06
D.....WQH	17	0	17	0	18	7.588973202949973e-06
RY.P.WI	17	0	17	0	18	7.588973202949973e-06
TC...LP	17	0	17	0	18	7.588973202949973e-06
MHF...M	17	0	17	0	18	7.588973202949973e-06
S.NT..AF	17	0	17	0	18	7.588973202949973e-06
VWV...K	17	0	17	0	18	7.588973202949973e-06
Y.D.LF	17	0	17	0	18	7.588973202949973e-06
Y.P.W..D	17	0	17	0	18	7.588973202949973e-06
MV..HL	17	0	17	0	18	7.588973202949973e-06
ST.TH	17	0	17	0	18	7.588973202949973e-06
R..P.W.M	17	0	17	0	18	7.588973202949973e-06
YQP...M	17	0	17	0	18	7.588973202949973e-06
RYQ.GW	17	0	17	0	18	7.588973202949973e-06
KK.SQ	17	0	17	0	18	7.588973202949973e-06
DAV..A	17	0	17	0	18	7.588973202949973e-06
RYQ....M	17	0	17	0	18	7.588973202949973e-06
YQP.W.M	17	0	17	0	18	7.588973202949973e-06
DAV.EA	17	0	17	0	18	7.588973202949973e-06
C...ELYK	17	0	17	0	18	7.588973202949973e-06
EI.PYW	17	0	17	0	18	7.588973202949973e-06
RYQ..W.M	17	0	17	0	18	7.588973202949973e-06
C.Q.LP	17	0	17	0	18	7.588973202949973e-06
RYQ..WI	17	0	17	0	18	7.588973202949973e-06
Y..V.VF	17	0	17	0	18	7.588973202949973e-06
C....PPC	17	0	17	0	18	7.588973202949973e-06
E..PYW.I	17	0	17	0	18	7.588973202949973e-06
ELYK...K	17	0	17	0	18	7.588973202949973e-06
RYQ...I	17	0	17	0	18	7.588973202949973e-06
RYQ..WK	17	0	17	0	18	7.588973202949973e-06
MS...P.C	17	0	17	0	18	7.588973202949973e-06
L.G.A.R	17	0	17	0	18	7.588973202949973e-06
S....E.YK	17	0	17	0	18	7.588973202949973e-06
RYQ.KW	17	0	17	0	18	7.588973202949973e-06
RYQ.SW	17	0	17	0	18	7.588973202949973e-06
S.NTF..D	17	0	17	0	18	7.588973202949973e-06
C....P.CH	17	0	17	0	18	7.588973202949973e-06
M...LP..M	17	0	17	0	18	7.588973202949973e-06
WR..P.W	17	0	17	0	18	7.588973202949973e-06
WVF...A	17	0	17	0	18	7.588973202949973e-06
V..HLQ	17	0	17	0	18	7.588973202949973e-06
C...ELY	17	0	17	0	18	7.588973202949973e-06
V..HL..M	17	0	17	0	18	7.588973202949973e-06
V..VWV	17	0	17	0	18	7.588973202949973e-06
C...EL.K	17	0	17	0	18	7.588973202949973e-06
S.P.TP	17	0	17	0	18	7.588973202949973e-06
V..HL..V	17	0	17	0	18	7.588973202949973e-06
V..VWVF	17	0	17	0	18	7.588973202949973e-06
I.....EA.R	17	0	17	0	18	7.588973202949973e-06
RYQPKW	17	0	17	0	18	7.588973202949973e-06
MS..LP.C	17	0	17	0	18	7.588973202949973e-06
RYQPGW	17	0	17	0	18	7.588973202949973e-06
C...E.YK	17	0	17	0	18	7.588973202949973e-06
WRY.P.W	17	0	17	0	18	7.588973202949973e-06
KELYKL	17	0	17	0	18	7.588973202949973e-06
I..F.REP	17	0	17	0	18	7.588973202949973e-06
RYQP.W.M	17	0	17	0	18	7.588973202949973e-06
I..L..EA.R	17	0	17	0	18	7.588973202949973e-06
M.C.LP.C	17	0	17	0	18	7.588973202949973e-06
RYQP.WI	17	0	17	0	18	7.588973202949973e-06
RYQP.WG	17	0	17	0	18	7.588973202949973e-06
C...PHC	17	0	17	0	18	7.588973202949973e-06
WVF.....A	17	0	17	0	18	7.588973202949973e-06
RYQP.WQ	17	0	17	0	18	7.588973202949973e-06
H....S.WQH	17	0	17	0	18	7.588973202949973e-06
SD.TF	17	0	17	0	18	7.588973202949973e-06
RYQP...M	17	0	17	0	18	7.588973202949973e-06
I..L..E..R	17	0	17	0	18	7.588973202949973e-06
L..EA.R.E	17	0	17	0	18	7.588973202949973e-06
LYK..P	17	0	17	0	18	7.588973202949973e-06
K...ELYK	17	0	17	0	18	7.588973202949973e-06
RYQP..G	17	0	17	0	18	7.588973202949973e-06
I..L...A.R	17	0	17	0	18	7.588973202949973e-06
VWV.....E	17	0	17	0	18	7.588973202949973e-06
RYQP..Q	17	0	17	0	18	7.588973202949973e-06
KELYK.F	17	0	17	0	18	7.588973202949973e-06
VWV....A	17	0	17	0	18	7.588973202949973e-06
C...LPCC	17	0	17	0	18	7.588973202949973e-06
M.DY..A	17	0	17	0	18	7.588973202949973e-06
M.C..P.C	17	0	17	0	18	7.588973202949973e-06
RYQPG	17	0	17	0	18	7.588973202949973e-06
C...R.PE	17	0	17	0	18	7.588973202949973e-06
RYQPK	17	0	17	0	18	7.588973202949973e-06
VWV.....R	17	0	17	0	18	7.588973202949973e-06
C..P..P.T	17	0	17	0	18	7.588973202949973e-06
I..FPRE	17	0	17	0	18	7.588973202949973e-06
L..EQ.S	17	0	17	0	18	7.588973202949973e-06
C..P..P.W	17	0	17	0	18	7.588973202949973e-06
I..FPREP	17	0	17	0	18	7.588973202949973e-06
C..P..P..F	17	0	17	0	18	7.588973202949973e-06
VWVF..K	17	0	17	0	18	7.588973202949973e-06
VWVF...A	17	0	17	0	18	7.588973202949973e-06
M....P.C.C	17	0	17	0	18	7.588973202949973e-06
E...VWVF	17	0	17	0	18	7.588973202949973e-06
E.YK..P	17	0	17	0	18	7.588973202949973e-06
L..EA....W	17	0	17	0	18	7.588973202949973e-06
R.Q..WK	17	0	17	0	18	7.588973202949973e-06
RKELYK	17	0	17	0	18	7.588973202949973e-06
RKEL.K	17	0	17	0	18	7.588973202949973e-06
RKELY	17	0	17	0	18	7.588973202949973e-06
R.QP.WI	17	0	17	0	18	7.588973202949973e-06
RK.LYK	17	0	17	0	18	7.588973202949973e-06
RKE.YK	17	0	17	0	18	7.588973202949973e-06
Y..VWVF	17	0	17	0	18	7.588973202949973e-06
RKEL	17	0	17	0	18	7.588973202949973e-06
S..QH...G	17	0	17	0	18	7.588973202949973e-06
S.WQH....H	17	0	17	0	18	7.588973202949973e-06
VWVF....T	17	0	17	0	18	7.588973202949973e-06
E....LYK	17	0	17	0	18	7.588973202949973e-06
KELY..F	17	0	17	0	18	7.588973202949973e-06
F.P.PYW	17	0	17	0	18	7.588973202949973e-06
R..PGW	17	0	17	0	18	7.588973202949973e-06
H..MHF	17	0	17	0	18	7.588973202949973e-06
MM...LP.C	17	0	17	0	18	7.588973202949973e-06
S....AV.E	17	0	17	0	18	7.588973202949973e-06
F.I.P.W	17	0	17	0	18	7.588973202949973e-06
F.Y..KH	17	0	17	0	18	7.588973202949973e-06
IC...R..C	17	0	17	0	18	7.588973202949973e-06
FMHF	17	0	17	0	18	7.588973202949973e-06
MR..LP	17	0	17	0	18	7.588973202949973e-06
VWVF....E	17	0	17	0	18	7.588973202949973e-06
KK..QQ	17	0	17	0	18	7.588973202949973e-06
E....S.WQH	17	0	17	0	18	7.588973202949973e-06
E....S.W.H	17	0	17	0	18	7.588973202949973e-06
K.NQ..Q	17	0	17	0	18	7.588973202949973e-06
K.LY.L	17	0	17	0	18	7.588973202949973e-06
L..EA.R.L	17	0	17	0	18	7.588973202949973e-06
P..NQ..QD	17	0	17	0	18	7.588973202949973e-06
VWVF....R	17	0	17	0	18	7.588973202949973e-06
FDY..KH	17	0	17	0	18	7.588973202949973e-06
MM...L..C	17	0	17	0	18	7.588973202949973e-06
Y.REL	17	0	17	0	18	7.588973202949973e-06
E...ELYK	17	0	17	0	18	7.588973202949973e-06
IC...LP.C	17	0	17	0	18	7.588973202949973e-06
MR...P.C	17	0	17	0	18	7.588973202949973e-06
L...A.R.L	17	0	17	0	18	7.588973202949973e-06
Y.RE.Y	17	0	17	0	18	7.588973202949973e-06
E...ELY	17	0	17	0	18	7.588973202949973e-06
FEP.PYW	17	0	17	0	18	7.588973202949973e-06
R.LY..H	17	0	17	0	18	7.588973202949973e-06
MR..L..C	17	0	17	0	18	7.588973202949973e-06
E...E.YK	17	0	17	0	18	7.588973202949973e-06
S...D.V.E	17	0	17	0	18	7.588973202949973e-06
P.....VWVF	17	0	17	0	18	7.588973202949973e-06
PWKF.N	17	0	17	0	18	7.588973202949973e-06
P.....VW.F	17	0	17	0	18	7.588973202949973e-06
S.WQH...G	17	0	17	0	18	7.588973202949973e-06
L..EAVR	17	0	17	0	18	7.588973202949973e-06
M...L..CM	17	0	17	0	18	7.588973202949973e-06
FE..PYW.I	17	0	17	0	18	7.588973202949973e-06
IFP..P	17	0	17	0	18	7.588973202949973e-06
R.KEL.K	17	0	17	0	18	7.588973202949973e-06
S...DAV	17	0	17	0	18	7.588973202949973e-06
M.DY..AH	17	0	17	0	18	7.588973202949973e-06
FEI.PY	17	0	17	0	18	7.588973202949973e-06
S...DA..E	17	0	17	0	18	7.588973202949973e-06
P...Q..QD	17	0	17	0	18	7.588973202949973e-06
Y..VWV	17	0	17	0	18	7.588973202949973e-06
VFP..P	17	0	17	0	18	7.588973202949973e-06
V.VF..K	17	0	17	0	18	7.588973202949973e-06
L..EQC	17	0	17	0	18	7.588973202949973e-06
Q....S..QH	17	0	17	0	18	7.588973202949973e-06
P...RS.H	17	0	17	0	18	7.588973202949973e-06
IC.FPRE	17	0	17	0	18	7.588973202949973e-06
R.V..HL	17	0	17	0	18	7.588973202949973e-06
Q..QD..Q	17	0	17	0	18	7.588973202949973e-06
Q....S.WQH	17	0	17	0	18	7.588973202949973e-06
A..C..P..P	17	0	17	0	18	7.588973202949973e-06
M...LP...C	17	0	17	0	18	7.588973202949973e-06
IC.F.RE	17	0	17	0	18	7.588973202949973e-06
R.QP.WG	17	0	17	0	18	7.588973202949973e-06
M.W.LP	17	0	17	0	18	7.588973202949973e-06
D..V.VF	17	0	17	0	18	7.588973202949973e-06
M..C..P..P	17	0	17	0	18	7.588973202949973e-06
M....P.CV	17	0	17	0	18	7.588973202949973e-06
SR..P.W	17	0	17	0	18	7.588973202949973e-06
E..PY..I	17	0	17	0	18	7.588973202949973e-06
IC.F.REP	17	0	17	0	18	7.588973202949973e-06
D..VWVF	17	0	17	0	18	7.588973202949973e-06
M.C..PN.P	17	0	17	0	18	7.588973202949973e-06
SDNTF	17	0	17	0	18	7.588973202949973e-06
KE.Y..F	17	0	17	0	18	7.588973202949973e-06
D..VW.F	17	0	17	0	18	7.588973202949973e-06
VC...LP.C	17	0	17	0	18	7.588973202949973e-06
Y...LFR	17	0	17	0	18	7.588973202949973e-06
L.HE..R	17	0	17	0	18	7.588973202949973e-06
ELYK..P	17	0	17	0	18	7.588973202949973e-06
E..PH.M	17	0	17	0	18	7.588973202949973e-06
Q.IYC	17	0	17	0	18	7.588973202949973e-06
D..VWV	17	0	17	0	18	7.588973202949973e-06
DC.F.NEP	17	0	17	0	18	7.588973202949973e-06
DC.F.NE	17	0	17	0	18	7.588973202949973e-06
L.HEA.R	17	0	17	0	18	7.588973202949973e-06
D...S.WQH	17	0	17	0	18	7.588973202949973e-06
R.QPGW	17	0	17	0	18	7.588973202949973e-06
M.C..P.EP	17	0	17	0	18	7.588973202949973e-06
D...S.WQ	17	0	17	0	18	7.588973202949973e-06
E..PKLM	17	0	17	0	18	7.588973202949973e-06
R.QPSW	17	0	17	0	18	7.588973202949973e-06
DC.FPNE	17	0	17	0	18	7.588973202949973e-06
Q.PKLM	17	0	17	0	18	7.588973202949973e-06
EQVP	17	0	17	0	18	7.588973202949973e-06
R.DY..M	17	0	17	0	18	7.588973202949973e-06
Q.PH.M	17	0	17	0	18	7.588973202949973e-06
Q.C...LP	17	0	17	0	18	7.588973202949973e-06
M.D...AH	17	0	17	0	18	7.588973202949973e-06
D...WVF	17	0	17	0	18	7.588973202949973e-06
R.KELY	17	0	17	0	18	7.588973202949973e-06
S.D.V..H	17	0	17	0	18	7.588973202949973e-06
Y......S.WQ	17	0	17	0	18	7.588973202949973e-06
C.F.LP	17	0	17	0	18	7.588973202949973e-06
Y.R.LY	17	0	17	0	18	7.588973202949973e-06
D.VQE	17	0	17	0	18	7.588973202949973e-06
EP.PYW	17	0	17	0	18	7.588973202949973e-06
MM...LP	17	0	17	0	18	7.588973202949973e-06
C.G.LP	17	0	17	0	18	7.588973202949973e-06
R.QP..I	17	0	17	0	18	7.588973202949973e-06
SK.LYK	17	0	17	0	18	7.588973202949973e-06
R..P.WQ	17	0	17	0	18	7.588973202949973e-06
R..P.WG	17	0	17	0	18	7.588973202949973e-06
S..T..AF	17	0	17	0	18	7.588973202949973e-06
Y.NQ..Q	17	0	17	0	18	7.588973202949973e-06
EA.R.D	17	0	17	0	18	7.588973202949973e-06
R..PKW	17	0	17	0	18	7.588973202949973e-06
EAVR	17	0	17	0	18	7.588973202949973e-06
CS.P.TP	17	0	17	0	18	7.588973202949973e-06
N...VWV	17	0	17	0	18	7.588973202949973e-06
A.C...L..C	17	0	17	0	18	7.588973202949973e-06
N.....S...H	17	0	17	0	18	7.588973202949973e-06
A.PN.P	17	0	17	0	18	7.588973202949973e-06
N....VW.F	17	0	17	0	18	7.588973202949973e-06
Y...LF.T	17	0	17	0	18	7.588973202949973e-06
EL.K...K	17	0	17	0	18	7.588973202949973e-06
MHF.Y	17	0	17	0	18	7.588973202949973e-06
A.WKF.N	17	0	17	0	18	7.588973202949973e-06
CD..LP	17	0	17	0	18	7.588973202949973e-06
N...QD..N	17	0	17	0	18	7.588973202949973e-06
N..E.NEP	17	0	17	0	18	7.588973202949973e-06
D..FPNEP	17	0	17	0	18	7.588973202949973e-06
R.....PYW	17	0	17	0	18	7.588973202949973e-06
M...LP.CL	17	0	17	0	18	7.588973202949973e-06
N..EPNT	17	0	17	0	18	7.588973202949973e-06
CY..N.P	17	0	17	0	18	7.588973202949973e-06
N..EPNE	17	0	17	0	18	7.588973202949973e-06
S.N.F..D	17	0	17	0	18	7.588973202949973e-06
V.GHL	17	0	17	0	18	7.588973202949973e-06
N..EPNTP	17	0	17	0	18	7.588973202949973e-06
CSFP..P	17	0	17	0	18	7.588973202949973e-06
Y.P.WI	17	0	17	0	18	7.588973202949973e-06
H.Y...LF	17	0	17	0	18	7.588973202949973e-06
KELY.L	17	0	17	0	18	7.588973202949973e-06
Y.PGW	17	0	17	0	18	7.588973202949973e-06
T....PR.P	17	0	17	0	18	7.588973202949973e-06
N..E.NTP	17	0	17	0	18	7.588973202949973e-06
C...N.PF	17	0	17	0	18	7.588973202949973e-06
N.T.YW	17	0	17	0	18	7.588973202949973e-06
RC....K.C	17	0	17	0	18	7.588973202949973e-06
D..FPNE	17	0	17	0	18	7.588973202949973e-06
Y...LF.G	17	0	17	0	18	7.588973202949973e-06
R..YKC	17	0	17	0	18	7.588973202949973e-06
RMHF	17	0	17	0	18	7.588973202949973e-06
S....ELYK	17	0	17	0	18	7.588973202949973e-06
KEL.KL	17	0	17	0	18	7.588973202949973e-06
L..EA...E	17	0	17	0	18	7.588973202949973e-06
L..EAL	17	0	17	0	18	7.588973202949973e-06
R.LYKC	17	0	17	0	18	7.588973202949973e-06
R..E..P.W	17	0	17	0	18	7.588973202949973e-06
M.C...N.P	17	0	17	0	18	7.588973202949973e-06
NTK..D	17	0	17	0	18	7.588973202949973e-06
RS.HD	17	0	17	0	18	7.588973202949973e-06
NGT.Y	17	0	17	0	18	7.588973202949973e-06
NTF..D	17	0	17	0	18	7.588973202949973e-06
T..ELY	17	0	17	0	18	7.588973202949973e-06
KRE.Y	17	0	17	0	18	7.588973202949973e-06
RS.H.L	17	0	17	0	18	7.588973202949973e-06
M...L..CL	17	0	17	0	18	7.588973202949973e-06
R.K..YK	17	0	17	0	18	7.588973202949973e-06
Y.P.WM	17	0	17	0	18	7.588973202949973e-06
DA..EA	17	0	17	0	18	7.588973202949973e-06
RELY..H	17	0	17	0	18	7.588973202949973e-06
N.SV..T	17	0	17	0	18	7.588973202949973e-06
S.W.H...G	17	0	17	0	18	7.588973202949973e-06
REL.K.H	17	0	17	0	18	7.588973202949973e-06
RE.YK.H	17	0	17	0	18	7.588973202949973e-06
N.SV..E	17	0	17	0	18	7.588973202949973e-06
RE.Y..H	17	0	17	0	18	7.588973202949973e-06
RE.YKC	17	0	17	0	18	7.588973202949973e-06
T.NQ..QD	17	0	17	0	18	7.588973202949973e-06
L..EALR	17	0	17	0	18	7.588973202949973e-06
D....N.SV	17	0	17	0	18	7.588973202949973e-06
RELYK.H	17	0	17	0	18	7.588973202949973e-06
REL...H	17	0	17	0	18	7.588973202949973e-06
T.NQ...D	17	0	17	0	18	7.588973202949973e-06
RELYKC	17	0	17	0	18	7.588973202949973e-06
K..YK.F	17	0	17	0	18	7.588973202949973e-06
WVF....T	17	0	17	0	18	7.588973202949973e-06
R..P.WI	17	0	17	0	18	7.588973202949973e-06
R.K.LYK	17	0	17	0	18	7.588973202949973e-06
D..F.NEP	17	0	17	0	18	7.588973202949973e-06
RY.PKW	17	0	17	0	18	7.588973202949973e-06
RY.PGW	17	0	17	0	18	7.588973202949973e-06
R.KE.Y	17	0	17	0	18	7.588973202949973e-06
M...LP.CM	17	0	17	0	18	7.588973202949973e-06
A..KF.N	17	0	17	0	18	7.588973202949973e-06
NQ..Q...H	17	0	17	0	18	7.588973202949973e-06
NQ..Q...Q	17	0	17	0	18	7.588973202949973e-06
NQ..Q...I	17	0	17	0	18	7.588973202949973e-06
RY.P.W.M	17	0	17	0	18	7.588973202949973e-06
TK.L.K	17	0	17	0	18	7.588973202949973e-06
L..EA...P	17	0	17	0	18	7.588973202949973e-06
TKE.YK	17	0	17	0	18	7.588973202949973e-06
TK.LY	17	0	17	0	18	7.588973202949973e-06
RY.P...M	17	0	17	0	18	7.588973202949973e-06
S.N.K..D	17	0	17	0	18	7.588973202949973e-06
C.G..P.C	17	0	17	0	18	7.588973202949973e-06
MM....P.C	17	0	17	0	18	7.588973202949973e-06
M....P.CM	17	0	17	0	18	7.588973202949973e-06
K.LYK.F	17	0	17	0	18	7.588973202949973e-06
R.QPKW	17	0	17	0	18	7.588973202949973e-06
M.W.LP.C	17	0	17	0	18	7.588973202949973e-06
ARS.H	17	0	17	0	18	7.588973202949973e-06
L...A.R.P	17	0	17	0	18	7.588973202949973e-06
SRS.H	17	0	17	0	18	7.588973202949973e-06
CR.P.TP	17	0	17	0	18	7.588973202949973e-06
AQCSM	17	0	17	0	18	7.588973202949973e-06
AQ.SM	17	0	17	0	18	7.588973202949973e-06
C.K.LP.C	17	0	17	0	18	7.588973202949973e-06
R.LYK.H	17	0	17	0	18	7.588973202949973e-06
H.....S.WQH	17	0	17	0	18	7.588973202949973e-06
DC...PH	17	0	17	0	18	7.588973202949973e-06
VEH...T	17	0	17	0	18	7.588973202949973e-06
CM..LP.C	17	0	17	0	18	7.588973202949973e-06
APW.F.N	17	0	17	0	18	7.588973202949973e-06
K.LYKL	17	0	17	0	18	7.588973202949973e-06
L..E..R.E	17	0	17	0	18	7.588973202949973e-06
AP.KF.N	17	0	17	0	18	7.588973202949973e-06
M.W.L..C	17	0	17	0	18	7.588973202949973e-06
M.M..P.C	17	0	17	0	18	7.588973202949973e-06
R.QPK	17	0	17	0	18	7.588973202949973e-06
CA..LP	17	0	17	0	18	7.588973202949973e-06
CA.PN.P	17	0	17	0	18	7.588973202949973e-06
H.....S..QH	17	0	17	0	18	7.588973202949973e-06
VEH..LT	17	0	17	0	18	7.588973202949973e-06
W....P.TP	17	0	17	0	18	7.588973202949973e-06
STNTH	17	0	17	0	18	7.588973202949973e-06
D.G..PH	17	0	17	0	18	7.588973202949973e-06
L..E..R.L	17	0	17	0	18	7.588973202949973e-06
S.D.F..H	17	0	17	0	18	7.588973202949973e-06
CI.P.EP	17	0	17	0	18	7.588973202949973e-06
APWKF.N	17	0	17	0	18	7.588973202949973e-06
CW..L..C	17	0	17	0	18	7.588973202949973e-06
M....P...G	17	0	17	0	18	7.588973202949973e-06
ELY...P	17	0	17	0	18	7.588973202949973e-06
L...ALR	17	0	17	0	18	7.588973202949973e-06
Y.C..PN	17	0	17	0	18	7.588973202949973e-06
Y.C...N.P	17	0	17	0	18	7.588973202949973e-06
M....PN.P	17	0	17	0	18	7.588973202949973e-06
SKE.YK	17	0	17	0	18	7.588973202949973e-06
Y....PN.P	17	0	17	0	18	7.588973202949973e-06
Y.NQ...D	17	0	17	0	18	7.588973202949973e-06
KE.YK.F	17	0	17	0	18	7.588973202949973e-06
Y.C..PN.P	17	0	17	0	18	7.588973202949973e-06
EAQR	17	0	17	0	18	7.588973202949973e-06
N.....WVF	17	0	17	0	18	7.588973202949973e-06
CD..LP.C	17	0	17	0	18	7.588973202949973e-06
N....VWVF	17	0	17	0	18	7.588973202949973e-06
G.P.EP	17	0	17	0	18	7.588973202949973e-06
QC...LP.C	17	0	17	0	18	7.588973202949973e-06
S.NQ..QD	17	0	17	0	18	7.588973202949973e-06
N..E.NT	17	0	17	0	18	7.588973202949973e-06
N..EPNEP	17	0	17	0	18	7.588973202949973e-06
CY.PN.P	17	0	17	0	18	7.588973202949973e-06
WL..EA.R	17	0	17	0	18	7.588973202949973e-06
CG.P.EP	17	0	17	0	18	7.588973202949973e-06
CR.P.EP	17	0	17	0	18	7.588973202949973e-06
T...LYK	17	0	17	0	18	7.588973202949973e-06
R.QP...M	17	0	17	0	18	7.588973202949973e-06
T..ELYK	17	0	17	0	18	7.588973202949973e-06
EQLP	17	0	17	0	18	7.588973202949973e-06
V..KMC	17	0	17	0	18	7.588973202949973e-06
NC.E.NTP	17	0	17	0	18	7.588973202949973e-06
N.SVP	17	0	17	0	18	7.588973202949973e-06
NC.E.NEP	17	0	17	0	18	7.588973202949973e-06
V.E..P.W	17	0	17	0	18	7.588973202949973e-06
N.SV....H	17	0	17	0	18	7.588973202949973e-06
R.KE.YK	17	0	17	0	18	7.588973202949973e-06
NV..HL	17	0	17	0	18	7.588973202949973e-06
R.FE..P	17	0	17	0	18	7.588973202949973e-06
NC.E.NT	17	0	17	0	18	7.588973202949973e-06
R.DY..MH	17	0	17	0	18	7.588973202949973e-06
WL..EA	17	0	17	0	18	7.588973202949973e-06
T.C..PR.P	17	0	17	0	18	7.588973202949973e-06
R.KEL	17	0	17	0	18	7.588973202949973e-06
NC.EPNE	17	0	17	0	18	7.588973202949973e-06
MHF..N	17	0	17	0	18	7.588973202949973e-06
NC.EPNEP	17	0	17	0	18	7.588973202949973e-06
NC.EPNTP	17	0	17	0	18	7.588973202949973e-06
NQ..Q...N	17	0	17	0	18	7.588973202949973e-06
EL..EA	17	0	17	0	18	7.588973202949973e-06
NQ..QD..W	17	0	17	0	18	7.588973202949973e-06
NQ..QD..I	17	0	17	0	18	7.588973202949973e-06
NQ..QD..N	17	0	17	0	18	7.588973202949973e-06
TKEL.K	17	0	17	0	18	7.588973202949973e-06
NQ.FQ	17	0	17	0	18	7.588973202949973e-06
NQ...D..W	17	0	17	0	18	7.588973202949973e-06
TFE..P	17	0	17	0	18	7.588973202949973e-06
V..Y.P.W	17	0	17	0	18	7.588973202949973e-06
QH.YF.L	17	0	17	0	18	7.588973202949973e-06
M.DY.W.H	17	0	17	0	18	7.588973202949973e-06
S..QH....L	17	0	17	0	18	7.588973202949973e-06
QFE..P	17	0	17	0	18	7.588973202949973e-06
RY.P.WQ	17	0	17	0	18	7.588973202949973e-06
TL..EA.R	17	0	17	0	18	7.588973202949973e-06
C.I.LP.C	17	0	17	0	18	7.588973202949973e-06
V....LYK	17	0	17	0	18	7.588973202949973e-06
YQPG	17	0	17	0	18	7.588973202949973e-06
RY.P..G	17	0	17	0	18	7.588973202949973e-06
YI..LF	17	0	17	0	18	7.588973202949973e-06
YQ.GW	17	0	17	0	18	7.588973202949973e-06
S.NTK..D	17	0	17	0	18	7.588973202949973e-06
YQP.WG	17	0	17	0	18	7.588973202949973e-06
YQP..I	17	0	17	0	18	7.588973202949973e-06
EQ....MQ	17	0	17	0	18	7.588973202949973e-06
V.PN.P	17	0	17	0	18	7.588973202949973e-06
YQ..WG	17	0	17	0	18	7.588973202949973e-06
KV..HL	17	0	17	0	18	7.588973202949973e-06
YQPGW	17	0	17	0	18	7.588973202949973e-06
C.QDLK.C	17	0	17	0	18	7.588973202949973e-06
C.Q.LP.C	17	0	17	0	18	7.588973202949973e-06
C..P.EPI	17	0	17	0	18	7.588973202949973e-06
C..PR.PE	17	0	17	0	18	7.588973202949973e-06
RYQ..WG	17	0	17	0	18	7.588973202949973e-06
I.P.EP	17	0	17	0	18	7.588973202949973e-06
WRYQ..W	17	0	17	0	18	7.588973202949973e-06
CG...HL	17	0	17	0	18	7.588973202949973e-06
WVF...M	17	0	17	0	18	7.588973202949973e-06
C....LYK	17	0	17	0	18	7.588973202949973e-06
RYQPSW	17	0	17	0	18	7.588973202949973e-06
VWV.....T	17	0	17	0	18	7.588973202949973e-06
Y.P.WF	17	0	17	0	18	7.588973202949973e-06
W.Y.P.W	17	0	17	0	18	7.588973202949973e-06
CFFP..P	17	0	17	0	18	7.588973202949973e-06
SKELYK	17	0	17	0	18	7.588973202949973e-06
C...LP.CL	17	0	17	0	18	7.588973202949973e-06
C...LP.CT	17	0	17	0	18	7.588973202949973e-06
C...LP.CH	17	0	17	0	18	7.588973202949973e-06
RYQP..I	17	0	17	0	18	7.588973202949973e-06
C...LP..L	17	0	17	0	18	7.588973202949973e-06
I..F.RE	17	0	17	0	18	7.588973202949973e-06
C...L..CW	17	0	17	0	18	7.588973202949973e-06
W.C..P.TP	17	0	17	0	18	7.588973202949973e-06
RYQPS	17	0	17	0	18	7.588973202949973e-06
L..EA.R.P	17	0	17	0	18	7.588973202949973e-06
C..PN.PF	17	0	17	0	18	7.588973202949973e-06
C..P..P.V	17	0	17	0	18	7.588973202949973e-06
W.PN.P	17	0	17	0	18	7.588973202949973e-06
CT...TP	17	0	17	0	18	7.588973202949973e-06
YY...LF	17	0	17	0	18	7.588973202949973e-06
F...PY..I	17	0	17	0	18	7.588973202949973e-06
YEISP	17	0	17	0	18	7.588973202949973e-06
F...Q..QD	17	0	17	0	18	7.588973202949973e-06
F...PYW.I	17	0	17	0	18	7.588973202949973e-06
M.DY.W	17	0	17	0	18	7.588973202949973e-06
M.M.LP	17	0	17	0	18	7.588973202949973e-06
A..RS.H	17	0	17	0	18	7.588973202949973e-06
F.E.PY	17	0	17	0	18	7.588973202949973e-06
F.P.PY	17	0	17	0	18	7.588973202949973e-06
L...A.R..W	17	0	17	0	18	7.588973202949973e-06
L..EA.R..W	17	0	17	0	18	7.588973202949973e-06
FEP.PY	17	0	17	0	18	7.588973202949973e-06
WKF.N	17	0	17	0	18	7.588973202949973e-06
FDY..K	17	0	17	0	18	7.588973202949973e-06
L..E.VR	17	0	17	0	18	7.588973202949973e-06
F.L.P.W	17	0	17	0	18	7.588973202949973e-06
FEP.P.W	17	0	17	0	18	7.588973202949973e-06
FEP..YW	17	0	17	0	18	7.588973202949973e-06
FEI...W	17	0	17	0	18	7.588973202949973e-06
Y.T.LF	17	0	17	0	18	7.588973202949973e-06
FEP...W	17	0	17	0	18	7.588973202949973e-06
MR..LP.C	17	0	17	0	18	7.588973202949973e-06
FE...YW.I	17	0	17	0	18	7.588973202949973e-06
FE..P.W.I	17	0	17	0	18	7.588973202949973e-06
FE..PY..I	17	0	17	0	18	7.588973202949973e-06
VWVF....W	17	0	17	0	18	7.588973202949973e-06
FEI.P.W	17	0	17	0	18	7.588973202949973e-06
FFP..P	17	0	17	0	18	7.588973202949973e-06
E...YW.I	17	0	17	0	18	7.588973202949973e-06
Y.R.LF	17	0	17	0	18	7.588973202949973e-06
VW.F..K	17	0	17	0	18	7.588973202949973e-06
CR.D...C	17	0	17	0	18	7.588973202949973e-06
Q.EI.P	17	0	17	0	18	7.588973202949973e-06
IC.FPREP	17	0	17	0	18	7.588973202949973e-06
CTF...P	17	0	17	0	18	7.588973202949973e-06
Q..NQ..QD	17	0	17	0	18	7.588973202949973e-06
VW.F....E	17	0	17	0	18	7.588973202949973e-06
EQ.PKL	17	0	17	0	18	7.588973202949973e-06
WL...A.R	17	0	17	0	18	7.588973202949973e-06
Q.V..HL	17	0	17	0	18	7.588973202949973e-06
DCG..PH	17	0	17	0	18	7.588973202949973e-06
Q.IYF.L	17	0	17	0	18	7.588973202949973e-06
D...S.W.H	17	0	17	0	18	7.588973202949973e-06
Y...LF..S	17	0	17	0	18	7.588973202949973e-06
DNTF	17	0	17	0	18	7.588973202949973e-06
VW.F....T	17	0	17	0	18	7.588973202949973e-06
Q.FQD	17	0	17	0	18	7.588973202949973e-06
VC....P.C	17	0	17	0	18	7.588973202949973e-06
ELYK..S	17	0	17	0	18	7.588973202949973e-06
DC.FPNEP	17	0	17	0	18	7.588973202949973e-06
W.YQP.W	17	0	17	0	18	7.588973202949973e-06
Q.C...LP.C	17	0	17	0	18	7.588973202949973e-06
E..P.WN	17	0	17	0	18	7.588973202949973e-06
L..E..R.P	17	0	17	0	18	7.588973202949973e-06
G.L..E..R	17	0	17	0	18	7.588973202949973e-06
YF.MH	17	0	17	0	18	7.588973202949973e-06
YC.MH	17	0	17	0	18	7.588973202949973e-06
QDLK.C	17	0	17	0	18	7.588973202949973e-06
W.C....P.C	17	0	17	0	18	7.588973202949973e-06
EQ.PKLM	17	0	17	0	18	7.588973202949973e-06
L..EQCS	17	0	17	0	18	7.588973202949973e-06
R.D...MH	17	0	17	0	18	7.588973202949973e-06
WDY..AH	17	0	17	0	18	7.588973202949973e-06
EQD...M	17	0	17	0	18	7.588973202949973e-06
CV.PN.P	17	0	17	0	18	7.588973202949973e-06
CMF...P	17	0	17	0	18	7.588973202949973e-06
GC...L..C	17	0	17	0	18	7.588973202949973e-06
S.WQ....G	17	0	17	0	18	7.588973202949973e-06
WDY..A	17	0	17	0	18	7.588973202949973e-06
CV..N.P	17	0	17	0	18	7.588973202949973e-06
CA..LP.C	17	0	17	0	18	7.588973202949973e-06
CI..L..C	17	0	17	0	18	7.588973202949973e-06
R.QPG	17	0	17	0	18	7.588973202949973e-06
CIFP..P	17	0	17	0	18	7.588973202949973e-06
CKK..Q	17	0	17	0	18	7.588973202949973e-06
EP..YW	17	0	17	0	18	7.588973202949973e-06
CF.P.T	17	0	17	0	18	7.588973202949973e-06
Y.NQ..QD	17	0	17	0	18	7.588973202949973e-06
WR.QP.W	17	0	17	0	18	7.588973202949973e-06
CY..LP.C	17	0	17	0	18	7.588973202949973e-06
CR.P.T	17	0	17	0	18	7.588973202949973e-06
TKELYK	17	0	17	0	18	7.588973202949973e-06
CG.EPH	17	0	17	0	18	7.588973202949973e-06
NC.EPNT	17	0	17	0	18	7.588973202949973e-06
QHIY..L	17	0	17	0	18	7.588973202949973e-06
YQPKW	17	0	17	0	18	7.588973202949973e-06
YQPK	17	0	17	0	18	7.588973202949973e-06
CG.E.H	17	0	17	0	18	7.588973202949973e-06
YQP.WQ	17	0	17	0	18	7.588973202949973e-06
C.QDLK	17	0	17	0	18	7.588973202949973e-06
V..HLC	17	0	17	0	18	7.588973202949973e-06
CE.P.E	17	0	17	0	18	7.588973202949973e-06
WQH...G	17	0	17	0	18	7.588973202949973e-06
CP.P.TP	17	0	17	0	18	7.588973202949973e-06
VWVF...M	17	0	17	0	18	7.588973202949973e-06
F...P.W.I	17	0	17	0	18	7.588973202949973e-06
CR...EP	17	0	17	0	18	7.588973202949973e-06
CE.P.EP	17	0	17	0	18	7.588973202949973e-06
E..PKL	17	0	17	0	18	7.588973202949973e-06
S...DAV.E	17	0	17	0	18	7.588973202949973e-06
W..Y.WK	17	0	17	0	18	7.588973202949973e-06
WRYQP.W	17	0	17	0	18	7.588973202949973e-06
Q.NYP.L	17	0	17	0	18	7.588973202949973e-06
W.C...LP.C	17	0	17	0	18	7.588973202949973e-06
W.C....TP	17	0	17	0	18	7.588973202949973e-06
CN.P.EP	17	0	17	0	18	7.588973202949973e-06
ELYK..Q	17	0	17	0	18	7.588973202949973e-06
VW...P	37	8	37	8	4.222222222222222	7.563951964621129e-06
C..WV	37	8	37	8	4.222222222222222	7.563951964621129e-06
T....QD	37	8	37	8	4.222222222222222	7.563951964621129e-06
I...W.H	37	8	37	8	4.222222222222222	7.563951964621129e-06
I....LP	37	8	37	8	4.222222222222222	7.563951964621129e-06
V.Y.P	37	8	37	8	4.222222222222222	7.563951964621129e-06
W.CC	37	8	37	8	4.222222222222222	7.563951964621129e-06
V....LT	37	8	37	8	4.222222222222222	7.563951964621129e-06
WE..R	37	8	37	8	4.222222222222222	7.563951964621129e-06
N.F.M	37	8	37	8	4.222222222222222	7.563951964621129e-06
M.F..P	37	8	37	8	4.222222222222222	7.563951964621129e-06
Y.P...T	37	8	37	8	4.222222222222222	7.563951964621129e-06
G...VF	37	8	37	8	4.222222222222222	7.563951964621129e-06
E....SV	37	8	37	8	4.222222222222222	7.563951964621129e-06
R....VF	37	8	37	8	4.222222222222222	7.563951964621129e-06
N....DY	37	8	37	8	4.222222222222222	7.563951964621129e-06
D...F...P	26	3	26	3	6.75	7.542529720510417e-06
A..KF.D	26	3	26	3	6.75	7.542529720510417e-06
N...QDQ	26	3	26	3	6.75	7.542529720510417e-06
PW.QR	26	3	26	3	6.75	7.542529720510417e-06
EL.....G	26	3	26	3	6.75	7.542529720510417e-06
LYKW	26	3	26	3	6.75	7.542529720510417e-06
PW.F.D	26	3	26	3	6.75	7.542529720510417e-06
G.....L..C	26	3	26	3	6.75	7.542529720510417e-06
WQH..L	26	3	26	3	6.75	7.542529720510417e-06
YQPA	26	3	26	3	6.75	7.542529720510417e-06
F.C.PY	26	3	26	3	6.75	7.542529720510417e-06
M...L...L	26	3	26	3	6.75	7.542529720510417e-06
PN.SV	26	3	26	3	6.75	7.542529720510417e-06
WVF.R	26	3	26	3	6.75	7.542529720510417e-06
M.....P..P	26	3	26	3	6.75	7.542529720510417e-06
RKCC	26	3	26	3	6.75	7.542529720510417e-06
N..WQD	26	3	26	3	6.75	7.542529720510417e-06
C....K..Q	26	3	26	3	6.75	7.542529720510417e-06
R......W.H	26	3	26	3	6.75	7.542529720510417e-06
ELY.W	26	3	26	3	6.75	7.542529720510417e-06
C.....PS	39	9	39	9	4	7.48028110483959e-06
G....QH	39	9	39	9	4	7.48028110483959e-06
L....L..C	39	9	39	9	4	7.48028110483959e-06
VR..L	39	9	39	9	4	7.48028110483959e-06
P...LG	39	9	39	9	4	7.48028110483959e-06
N....DV	39	9	39	9	4	7.48028110483959e-06
N..E..T	39	9	39	9	4	7.48028110483959e-06
Y..S...H	39	9	39	9	4	7.48028110483959e-06
N....DL	39	9	39	9	4	7.48028110483959e-06
QM..K	39	9	39	9	4	7.48028110483959e-06
L....AR	35	7	35	7	4.5	7.4361266555230815e-06
QI..D	35	7	35	7	4.5	7.4361266555230815e-06
E......QH	35	7	35	7	4.5	7.4361266555230815e-06
L...AA	35	7	35	7	4.5	7.4361266555230815e-06
NW..Y	35	7	35	7	4.5	7.4361266555230815e-06
WV...I	35	7	35	7	4.5	7.4361266555230815e-06
C.....PN	35	7	35	7	4.5	7.4361266555230815e-06
T.....WQ	35	7	35	7	4.5	7.4361266555230815e-06
I....NE	35	7	35	7	4.5	7.4361266555230815e-06
S.W.....M	35	7	35	7	4.5	7.4361266555230815e-06
EI...W	35	7	35	7	4.5	7.4361266555230815e-06
N.K.A	35	7	35	7	4.5	7.4361266555230815e-06
M..LY	35	7	35	7	4.5	7.4361266555230815e-06
FF...P	35	7	35	7	4.5	7.4361266555230815e-06
F.I.P	41	10	41	10	3.8181818181818183	7.233625037181188e-06
E...DP	41	10	41	10	3.8181818181818183	7.233625037181188e-06
L.KM	41	10	41	10	3.8181818181818183	7.233625037181188e-06
V..F.G	41	10	41	10	3.8181818181818183	7.233625037181188e-06
Y...S...H	41	10	41	10	3.8181818181818183	7.233625037181188e-06
N.A.Q	41	10	41	10	3.8181818181818183	7.233625037181188e-06
N....W.H	41	10	41	10	3.8181818181818183	7.233625037181188e-06
SVM	57	19	57	19	2.9	7.212402122453812e-06
Q.C.L	57	19	57	19	2.9	7.212402122453812e-06
S.W..P	57	19	57	19	2.9	7.212402122453812e-06
SS..H	57	19	57	19	2.9	7.212402122453812e-06
QHN	70	27	70	27	2.535714285714286	7.12022599485475e-06
S....A.R	33	6	33	6	4.857142857142857	7.050790027169821e-06
T....W.H	33	6	33	6	4.857142857142857	7.050790027169821e-06
Y....P..P	33	6	33	6	4.857142857142857	7.050790027169821e-06
S......LP	33	6	33	6	4.857142857142857	7.050790027169821e-06
R.....W.H	33	6	33	6	4.857142857142857	7.050790027169821e-06
N..G.D	33	6	33	6	4.857142857142857	7.050790027169821e-06
SV...G	33	6	33	6	4.857142857142857	7.050790027169821e-06
M...RS	33	6	33	6	4.857142857142857	7.050790027169821e-06
SV...K	33	6	33	6	4.857142857142857	7.050790027169821e-06
S...H...H	43	11	43	11	3.6666666666666665	6.869358601051507e-06
S.W..G	43	11	43	11	3.6666666666666665	6.869358601051507e-06
WQ....T	43	11	43	11	3.6666666666666665	6.869358601051507e-06
S.W....N	43	11	43	11	3.6666666666666665	6.869358601051507e-06
CN.....C	43	11	43	11	3.6666666666666665	6.869358601051507e-06
NT...C	43	11	43	11	3.6666666666666665	6.869358601051507e-06
W.H...T	43	11	43	11	3.6666666666666665	6.869358601051507e-06
D..SC	43	11	43	11	3.6666666666666665	6.869358601051507e-06
D..EM	43	11	43	11	3.6666666666666665	6.869358601051507e-06
E..Q.R	43	11	43	11	3.6666666666666665	6.869358601051507e-06
SM.Q	52	16	52	16	3.11764705882353	6.861966697748251e-06
WQ..W	52	16	52	16	3.11764705882353	6.861966697748251e-06
QH.G	52	16	52	16	3.11764705882353	6.861966697748251e-06
P.KT	52	16	52	16	3.11764705882353	6.861966697748251e-06
L...VH	52	16	52	16	3.11764705882353	6.861966697748251e-06
WN.S	52	16	52	16	3.11764705882353	6.861966697748251e-06
SL.Q	67	25	67	25	2.6153846153846154	6.6731404462621144e-06
SV.M	45	12	45	12	3.5384615384615383	6.42693227889204e-06
C....PY	45	12	45	12	3.5384615384615383	6.42693227889204e-06
LY.D	45	12	45	12	3.5384615384615383	6.42693227889204e-06
NQ.N	45	12	45	12	3.5384615384615383	6.42693227889204e-06
P.CM	45	12	45	12	3.5384615384615383	6.42693227889204e-06
S.W...I	45	12	45	12	3.5384615384615383	6.42693227889204e-06
Q.RC	45	12	45	12	3.5384615384615383	6.42693227889204e-06
KWL	45	12	45	12	3.5384615384615383	6.42693227889204e-06
YK.H	45	12	45	12	3.5384615384615383	6.42693227889204e-06
V.N..G	31	5	31	5	5.333333333333333	6.374180453655761e-06
A...QL	31	5	31	5	5.333333333333333	6.374180453655761e-06
T..M...P	31	5	31	5	5.333333333333333	6.374180453655761e-06
S..Q.....R	31	5	31	5	5.333333333333333	6.374180453655761e-06
NQ.DQ	31	5	31	5	5.333333333333333	6.374180453655761e-06
FC......C	31	5	31	5	5.333333333333333	6.374180453655761e-06
Q.G..P	31	5	31	5	5.333333333333333	6.374180453655761e-06
Y.P...M	31	5	31	5	5.333333333333333	6.374180453655761e-06
E..K.G	31	5	31	5	5.333333333333333	6.374180453655761e-06
SA.Q	54	17	54	17	3.055555555555556	6.098719806396539e-06
Q.T.P	54	17	54	17	3.055555555555556	6.098719806396539e-06
PN..V	54	17	54	17	3.055555555555556	6.098719806396539e-06
VD.K	47	13	47	13	3.4285714285714284	5.93888992303068e-06
K..LP	47	13	47	13	3.4285714285714284	5.93888992303068e-06
NAS	47	13	47	13	3.4285714285714284	5.93888992303068e-06
N.P..P	47	13	47	13	3.4285714285714284	5.93888992303068e-06
V..F..T	47	13	47	13	3.4285714285714284	5.93888992303068e-06
W.H....R	47	13	47	13	3.4285714285714284	5.93888992303068e-06
YSV	47	13	47	13	3.4285714285714284	5.93888992303068e-06
MET	47	13	47	13	3.4285714285714284	5.93888992303068e-06
T.S.W	47	13	47	13	3.4285714285714284	5.93888992303068e-06
LP..Q	47	13	47	13	3.4285714285714284	5.93888992303068e-06
CT....P	47	13	47	13	3.4285714285714284	5.93888992303068e-06
V.V..F	61	21	61	21	2.8181818181818183	5.474180037627683e-06
NT..MF	21	1	21	1	11	5.442898126628417e-06
S..T..MF	21	1	21	1	11	5.442898126628417e-06
CL..L..C	21	1	21	1	11	5.442898126628417e-06
K..C..P..P	21	1	21	1	11	5.442898126628417e-06
LYKE	21	1	21	1	11	5.442898126628417e-06
N.SV....T	21	1	21	1	11	5.442898126628417e-06
N...QD.I	21	1	21	1	11	5.442898126628417e-06
V.E.AV	21	1	21	1	11	5.442898126628417e-06
K....EL.K	21	1	21	1	11	5.442898126628417e-06
DY.WMH	21	1	21	1	11	5.442898126628417e-06
L.REA	21	1	21	1	11	5.442898126628417e-06
WVF.Y	21	1	21	1	11	5.442898126628417e-06
MN.SV	21	1	21	1	11	5.442898126628417e-06
P.YQP	21	1	21	1	11	5.442898126628417e-06
Y..PLF	21	1	21	1	11	5.442898126628417e-06
VT.K.C	21	1	21	1	11	5.442898126628417e-06
C.VDL	21	1	21	1	11	5.442898126628417e-06
VNQ..Q	21	1	21	1	11	5.442898126628417e-06
G.NQ...D	21	1	21	1	11	5.442898126628417e-06
I..S.WQ	21	1	21	1	11	5.442898126628417e-06
S..QH.F	21	1	21	1	11	5.442898126628417e-06
T.LP.C	21	1	21	1	11	5.442898126628417e-06
G.YF.L	21	1	21	1	11	5.442898126628417e-06
R..P.W.Y	21	1	21	1	11	5.442898126628417e-06
EQ.CD	21	1	21	1	11	5.442898126628417e-06
SWNTK	21	1	21	1	11	5.442898126628417e-06
L.RE..R	21	1	21	1	11	5.442898126628417e-06
W.V.VF	21	1	21	1	11	5.442898126628417e-06
V...Q..QD	21	1	21	1	11	5.442898126628417e-06
N.YF.L	21	1	21	1	11	5.442898126628417e-06
N.SV.Q	21	1	21	1	11	5.442898126628417e-06
K....E.YK	21	1	21	1	11	5.442898126628417e-06
S.N...AP	21	1	21	1	11	5.442898126628417e-06
C..N.SV	21	1	21	1	11	5.442898126628417e-06
S.VW.F	21	1	21	1	11	5.442898126628417e-06
Y.PPW	21	1	21	1	11	5.442898126628417e-06
NQ..Q.F	21	1	21	1	11	5.442898126628417e-06
DYE.AH	21	1	21	1	11	5.442898126628417e-06
QHIY	21	1	21	1	11	5.442898126628417e-06
V...LYK	21	1	21	1	11	5.442898126628417e-06
L...A.R.S	21	1	21	1	11	5.442898126628417e-06
G..E.YK	21	1	21	1	11	5.442898126628417e-06
E.C.F...P	21	1	21	1	11	5.442898126628417e-06
EC.P.W	21	1	21	1	11	5.442898126628417e-06
C.Q...CC	21	1	21	1	11	5.442898126628417e-06
V.YQ..W	21	1	21	1	11	5.442898126628417e-06
CA...K.C	21	1	21	1	11	5.442898126628417e-06
VN.SV	21	1	21	1	11	5.442898126628417e-06
C......WQH	21	1	21	1	11	5.442898126628417e-06
H..N.SV	21	1	21	1	11	5.442898126628417e-06
VW.F.Y	21	1	21	1	11	5.442898126628417e-06
D.E.AH	21	1	21	1	11	5.442898126628417e-06
QNNY	21	1	21	1	11	5.442898126628417e-06
A..Q..QD	21	1	21	1	11	5.442898126628417e-06
C..L..MC	21	1	21	1	11	5.442898126628417e-06
VW.F...Q	21	1	21	1	11	5.442898126628417e-06
CL...K.C	21	1	21	1	11	5.442898126628417e-06
G.NQ..Q	21	1	21	1	11	5.442898126628417e-06
LP.CE	21	1	21	1	11	5.442898126628417e-06
F.ELY	21	1	21	1	11	5.442898126628417e-06
V.VHL	21	1	21	1	11	5.442898126628417e-06
HNQ...D	21	1	21	1	11	5.442898126628417e-06
FEA...W	21	1	21	1	11	5.442898126628417e-06
Q...VW.F	21	1	21	1	11	5.442898126628417e-06
H...ELY	21	1	21	1	11	5.442898126628417e-06
PWK.RG	21	1	21	1	11	5.442898126628417e-06
GMHF	21	1	21	1	11	5.442898126628417e-06
Q....WVF	21	1	21	1	11	5.442898126628417e-06
G.N...QD	21	1	21	1	11	5.442898126628417e-06
Q.C...L..C	21	1	21	1	11	5.442898126628417e-06
NQ...DC	21	1	21	1	11	5.442898126628417e-06
S.WQ.....I	21	1	21	1	11	5.442898126628417e-06
DYCW	21	1	21	1	11	5.442898126628417e-06
A....LP.C	21	1	21	1	11	5.442898126628417e-06
P.K.RG	21	1	21	1	11	5.442898126628417e-06
R.QP.W.Y	21	1	21	1	11	5.442898126628417e-06
Y....LYK	21	1	21	1	11	5.442898126628417e-06
L...ANR	21	1	21	1	11	5.442898126628417e-06
N..F.RT	21	1	21	1	11	5.442898126628417e-06
N...QD..V	21	1	21	1	11	5.442898126628417e-06
R.L.KC	21	1	21	1	11	5.442898126628417e-06
N...QDF	21	1	21	1	11	5.442898126628417e-06
D..M...P	21	1	21	1	11	5.442898126628417e-06
L.MEA.R	21	1	21	1	11	5.442898126628417e-06
MC...L..C	21	1	21	1	11	5.442898126628417e-06
P.R.LY	21	1	21	1	11	5.442898126628417e-06
L.NQ..Q	21	1	21	1	11	5.442898126628417e-06
HY.ST	21	1	21	1	11	5.442898126628417e-06
C..P..PD	21	1	21	1	11	5.442898126628417e-06
WK.RG	21	1	21	1	11	5.442898126628417e-06
DNT...R	21	1	21	1	11	5.442898126628417e-06
CT...EP	21	1	21	1	11	5.442898126628417e-06
YE.AH	21	1	21	1	11	5.442898126628417e-06
A...RS.H	21	1	21	1	11	5.442898126628417e-06
MEA.R	21	1	21	1	11	5.442898126628417e-06
L.R.A.R	21	1	21	1	11	5.442898126628417e-06
Q.KQD	21	1	21	1	11	5.442898126628417e-06
FEA..Y	21	1	21	1	11	5.442898126628417e-06
WVF.M	21	1	21	1	11	5.442898126628417e-06
P....WVF	21	1	21	1	11	5.442898126628417e-06
FE..P..M	21	1	21	1	11	5.442898126628417e-06
L.M.A.R	21	1	21	1	11	5.442898126628417e-06
DYE.A	21	1	21	1	11	5.442898126628417e-06
Q...VWV	21	1	21	1	11	5.442898126628417e-06
L.ME..R	21	1	21	1	11	5.442898126628417e-06
H..E.NT	21	1	21	1	11	5.442898126628417e-06
M..AQC	21	1	21	1	11	5.442898126628417e-06
PW..RG	21	1	21	1	11	5.442898126628417e-06
L..E..R.S	21	1	21	1	11	5.442898126628417e-06
S.WQ..F	21	1	21	1	11	5.442898126628417e-06
E.YQP	21	1	21	1	11	5.442898126628417e-06
Q.PD.M	21	1	21	1	11	5.442898126628417e-06
H..EL.K	21	1	21	1	11	5.442898126628417e-06
C.PYW	21	1	21	1	11	5.442898126628417e-06
YFW.H	21	1	21	1	11	5.442898126628417e-06
P.Y.P.W	21	1	21	1	11	5.442898126628417e-06
ISV	49	14	49	14	3.3333333333333335	5.430945401363463e-06
V.S..Q	49	14	49	14	3.3333333333333335	5.430945401363463e-06
K.S..Q	49	14	49	14	3.3333333333333335	5.430945401363463e-06
W.H.L	49	14	49	14	3.3333333333333335	5.430945401363463e-06
LPM	49	14	49	14	3.3333333333333335	5.430945401363463e-06
T.T..A	29	4	29	4	6	5.399892321538598e-06
QN.QD	29	4	29	4	6	5.399892321538598e-06
NTSV	29	4	29	4	6	5.399892321538598e-06
C...N.S	29	4	29	4	6	5.399892321538598e-06
S....WQH	29	4	29	4	6	5.399892321538598e-06
V......W.H	29	4	29	4	6	5.399892321538598e-06
K....S...H	29	4	29	4	6	5.399892321538598e-06
S....P..P	29	4	29	4	6	5.399892321538598e-06
D.N.SV	29	4	29	4	6	5.399892321538598e-06
M..N.S	29	4	29	4	6	5.399892321538598e-06
A.....LP	29	4	29	4	6	5.399892321538598e-06
EA...S	29	4	29	4	6	5.399892321538598e-06
Q..Q...T	29	4	29	4	6	5.399892321538598e-06
Y...L.K	56	18	56	18	3.0000000000000004	5.391733156069477e-06
WV..H	56	18	56	18	3.0000000000000004	5.391733156069477e-06
PIC	66	24	66	24	2.68	5.265917430239457e-06
SPW	66	24	66	24	2.68	5.265917430239457e-06
A...I.P	24	2	24	2	8.333333333333334	5.197739104000006e-06
WVF...K	24	2	24	2	8.333333333333334	5.197739104000006e-06
W....LP.C	24	2	24	2	8.333333333333334	5.197739104000006e-06
S.W.......G	24	2	24	2	8.333333333333334	5.197739104000006e-06
I.NQ..Q	24	2	24	2	8.333333333333334	5.197739104000006e-06
N.C....K	24	2	24	2	8.333333333333334	5.197739104000006e-06
QPVW	24	2	24	2	8.333333333333334	5.197739104000006e-06
I..V.VF	24	2	24	2	8.333333333333334	5.197739104000006e-06
FD..E.H	24	2	24	2	8.333333333333334	5.197739104000006e-06
VW.F.P	24	2	24	2	8.333333333333334	5.197739104000006e-06
M.C.FP	24	2	24	2	8.333333333333334	5.197739104000006e-06
S.W.H...R	24	2	24	2	8.333333333333334	5.197739104000006e-06
R.....L..C	24	2	24	2	8.333333333333334	5.197739104000006e-06
ELY..K	24	2	24	2	8.333333333333334	5.197739104000006e-06
D......W.H	24	2	24	2	8.333333333333334	5.197739104000006e-06
VQ.HL	24	2	24	2	8.333333333333334	5.197739104000006e-06
WVF..T	24	2	24	2	8.333333333333334	5.197739104000006e-06
R...WVF	24	2	24	2	8.333333333333334	5.197739104000006e-06
VVW.F	24	2	24	2	8.333333333333334	5.197739104000006e-06
S...VW.F	24	2	24	2	8.333333333333334	5.197739104000006e-06
RS.HC	24	2	24	2	8.333333333333334	5.197739104000006e-06
C.Q...MC	24	2	24	2	8.333333333333334	5.197739104000006e-06
YQ..WL	24	2	24	2	8.333333333333334	5.197739104000006e-06
MNQ..Q	24	2	24	2	8.333333333333334	5.197739104000006e-06
K..AQC	24	2	24	2	8.333333333333334	5.197739104000006e-06
E..VWV	24	2	24	2	8.333333333333334	5.197739104000006e-06
WQH...R	24	2	24	2	8.333333333333334	5.197739104000006e-06
Y.......SV	24	2	24	2	8.333333333333334	5.197739104000006e-06
NQ..Q..F	24	2	24	2	8.333333333333334	5.197739104000006e-06
R..VWV	24	2	24	2	8.333333333333334	5.197739104000006e-06
VWV...Y	24	2	24	2	8.333333333333334	5.197739104000006e-06
P.KTL	24	2	24	2	8.333333333333334	5.197739104000006e-06
C...L.YC	24	2	24	2	8.333333333333334	5.197739104000006e-06
L.....R..H	24	2	24	2	8.333333333333334	5.197739104000006e-06
N.M.AV	24	2	24	2	8.333333333333334	5.197739104000006e-06
N.SVQ	24	2	24	2	8.333333333333334	5.197739104000006e-06
T......WQH	24	2	24	2	8.333333333333334	5.197739104000006e-06
A.EL.K	24	2	24	2	8.333333333333334	5.197739104000006e-06
Q.Q..QD	24	2	24	2	8.333333333333334	5.197739104000006e-06
Q..QDS	24	2	24	2	8.333333333333334	5.197739104000006e-06
L.CEA	24	2	24	2	8.333333333333334	5.197739104000006e-06
QW.QD	24	2	24	2	8.333333333333334	5.197739104000006e-06
