Pat?()	Seqs(fore)	Seqs(back)	Matches(fore)	Matches(back)	MatchesPropRatio(fore,back)	Hyper(fore,back)
CV....P	66	25	66	25	2.576923076923077	9.976101273061725e-06
P..L..C	66	25	66	25	2.576923076923077	9.976101273061725e-06
EACR	23	2	23	2	8	9.675485827838154e-06
ED.Q..C	23	2	23	2	8	9.675485827838154e-06
EALR	23	2	23	2	8	9.675485827838154e-06
LP.C.Y	23	2	23	2	8	9.675485827838154e-06
PFE..P	23	2	23	2	8	9.675485827838154e-06
E...YWE	23	2	23	2	8	9.675485827838154e-06
S.N...QD	23	2	23	2	8	9.675485827838154e-06
A.ELY	23	2	23	2	8	9.675485827838154e-06
NQ..Q...W	23	2	23	2	8	9.675485827838154e-06
Q..QDC	23	2	23	2	8	9.675485827838154e-06
E.YK..H	23	2	23	2	8	9.675485827838154e-06
NQ..Q...C	23	2	23	2	8	9.675485827838154e-06
S..QH..H	23	2	23	2	8	9.675485827838154e-06
S..QP.W	23	2	23	2	8	9.675485827838154e-06
CL..LP	23	2	23	2	8	9.675485827838154e-06
VW.F...K	23	2	23	2	8	9.675485827838154e-06
FE...Y.E	23	2	23	2	8	9.675485827838154e-06
N.SV..F	23	2	23	2	8	9.675485827838154e-06
V.ELY	23	2	23	2	8	9.675485827838154e-06
C...LPT	23	2	23	2	8	9.675485827838154e-06
WQH.H	23	2	23	2	8	9.675485827838154e-06
F....YWE	23	2	23	2	8	9.675485827838154e-06
N.SV.M	23	2	23	2	8	9.675485827838154e-06
EQ.PD	23	2	23	2	8	9.675485827838154e-06
KK..QE	23	2	23	2	8	9.675485827838154e-06
PW.TL	23	2	23	2	8	9.675485827838154e-06
DL.SC	23	2	23	2	8	9.675485827838154e-06
TNT...R	23	2	23	2	8	9.675485827838154e-06
LP.CA	23	2	23	2	8	9.675485827838154e-06
L..WVF	23	2	23	2	8	9.675485827838154e-06
NQ...D..C	23	2	23	2	8	9.675485827838154e-06
SW.TH	23	2	23	2	8	9.675485827838154e-06
Q..QD.C	23	2	23	2	8	9.675485827838154e-06
SD.T..A	23	2	23	2	8	9.675485827838154e-06
D.C..P..P	23	2	23	2	8	9.675485827838154e-06
LYK.C	23	2	23	2	8	9.675485827838154e-06
W....WVF	23	2	23	2	8	9.675485827838154e-06
WQH..H	23	2	23	2	8	9.675485827838154e-06
CT...P.C	23	2	23	2	8	9.675485827838154e-06
C.V.RK	23	2	23	2	8	9.675485827838154e-06
C.N...LC	23	2	23	2	8	9.675485827838154e-06
R..VW.F	23	2	23	2	8	9.675485827838154e-06
CG......S	23	2	23	2	8	9.675485827838154e-06
PRE.Y	23	2	23	2	8	9.675485827838154e-06
R.ELY	23	2	23	2	8	9.675485827838154e-06
C.Y..KC	23	2	23	2	8	9.675485827838154e-06
EAKR	23	2	23	2	8	9.675485827838154e-06
ISPH	23	2	23	2	8	9.675485827838154e-06
YQ.PW	23	2	23	2	8	9.675485827838154e-06
C...LKM	23	2	23	2	8	9.675485827838154e-06
EL.KG	23	2	23	2	8	9.675485827838154e-06
LP.C.F	23	2	23	2	8	9.675485827838154e-06
H.EL.K	23	2	23	2	8	9.675485827838154e-06
CL...P.C	23	2	23	2	8	9.675485827838154e-06
R.QPP	23	2	23	2	8	9.675485827838154e-06
YQ.FW	23	2	23	2	8	9.675485827838154e-06
E..TD.M	23	2	23	2	8	9.675485827838154e-06
P..MHF	23	2	23	2	8	9.675485827838154e-06
W.Y..MH	23	2	23	2	8	9.675485827838154e-06
M..C..P..P	23	2	23	2	8	9.675485827838154e-06
EL.K..M	23	2	23	2	8	9.675485827838154e-06
R.Q..QD	23	2	23	2	8	9.675485827838154e-06
C.Q.LP	23	2	23	2	8	9.675485827838154e-06
RY.PF	23	2	23	2	8	9.675485827838154e-06
V.QHL	23	2	23	2	8	9.675485827838154e-06
WKTL	23	2	23	2	8	9.675485827838154e-06
L...AER	23	2	23	2	8	9.675485827838154e-06
E.EL.K	23	2	23	2	8	9.675485827838154e-06
EL.K..L	23	2	23	2	8	9.675485827838154e-06
M..Y..KH	23	2	23	2	8	9.675485827838154e-06
S.WQ...K	23	2	23	2	8	9.675485827838154e-06
NQ..Q.C	23	2	23	2	8	9.675485827838154e-06
Y.P.WC	23	2	23	2	8	9.675485827838154e-06
HV..HL	23	2	23	2	8	9.675485827838154e-06
F...V.VF	23	2	23	2	8	9.675485827838154e-06
S.W.H...H	23	2	23	2	8	9.675485827838154e-06
S.W.H....R	23	2	23	2	8	9.675485827838154e-06
M.D...KH	23	2	23	2	8	9.675485827838154e-06
P.KTL	23	2	23	2	8	9.675485827838154e-06
EQ.SG	23	2	23	2	8	9.675485827838154e-06
A.W.WR	23	2	23	2	8	9.675485827838154e-06
K.MH	58	20	58	20	2.8095238095238093	9.623089707058767e-06
HL...A	58	20	58	20	2.8095238095238093	9.623089707058767e-06
P..FL	58	20	58	20	2.8095238095238093	9.623089707058767e-06
E..KC	58	20	58	20	2.8095238095238093	9.623089707058767e-06
VWV..R	28	4	28	4	5.8	9.59808992503013e-06
P.....WQH	28	4	28	4	5.8	9.59808992503013e-06
Q.YQD	28	4	28	4	5.8	9.59808992503013e-06
AV.VF	28	4	28	4	5.8	9.59808992503013e-06
LNQ..Q	28	4	28	4	5.8	9.59808992503013e-06
S.N.SV	28	4	28	4	5.8	9.59808992503013e-06
EQ.S	80	34	80	34	2.3142857142857145	9.596227451722148e-06
V.V.V	83	36	83	36	2.27027027027027	9.594813440258348e-06
WNT	83	36	83	36	2.27027027027027	9.594813440258348e-06
WQ.A	77	32	77	32	2.3636363636363638	9.49921568638882e-06
YV..H	77	32	77	32	2.3636363636363638	9.49921568638882e-06
K..Q..W	46	13	46	13	3.357142857142857	9.483452820803761e-06
G....L..C	46	13	46	13	3.357142857142857	9.483452820803761e-06
H....RT	46	13	46	13	3.357142857142857	9.483452820803761e-06
PD.M	53	17	53	17	3	9.479648011308914e-06
K.....QH	53	17	53	17	3	9.479648011308914e-06
F.....W.H	53	17	53	17	3	9.479648011308914e-06
N..C.D	53	17	53	17	3	9.479648011308914e-06
GW..I	53	17	53	17	3	9.479648011308914e-06
NQL	89	40	89	40	2.1951219512195124	9.346791645868052e-06
QH..P	89	40	89	40	2.1951219512195124	9.346791645868052e-06
S..Q.R	74	30	74	30	2.4193548387096775	9.292056484171226e-06
C..S.W	63	23	63	23	2.6666666666666665	9.235815242879835e-06
S..Q.G	63	23	63	23	2.6666666666666665	9.235815242879835e-06
Q.R.A	71	28	71	28	2.4827586206896552	8.96473362366422e-06
QDR	71	28	71	28	2.4827586206896552	8.96473362366422e-06
LY..D	48	14	48	14	3.266666666666666	8.617220684806654e-06
I.V..F	48	14	48	14	3.266666666666666	8.617220684806654e-06
S..Q.K	68	26	68	26	2.5555555555555554	8.51013618512681e-06
WQ..M	55	18	55	18	2.947368421052632	8.344895025829756e-06
AP..T	60	21	60	21	2.7727272727272725	8.343163929420178e-06
VH...K	60	21	60	21	2.7727272727272725	8.343163929420178e-06
L.QH	82	35	82	35	2.3055555555555554	8.074550436444331e-06
WQ.Y	85	37	85	37	2.263157894736842	8.059750645853005e-06
Y..EL	65	24	65	24	2.64	7.925544819712172e-06
E..P.L	76	31	76	31	2.40625	7.856439644542252e-06
YW.H	91	41	91	41	2.1904761904761902	7.832873274244315e-06
W.H...N	50	15	50	15	3.1875000000000004	7.76570147344839e-06
P....QH	50	15	50	15	3.1875000000000004	7.76570147344839e-06
Y.....W.H	50	15	50	15	3.1875000000000004	7.76570147344839e-06
YG...F	50	15	50	15	3.1875000000000004	7.76570147344839e-06
M...L.M	37	8	37	8	4.222222222222221	7.625302962751704e-06
YQPEW	17	0	17	0	18	7.609163539129882e-06
E..PYWG	17	0	17	0	18	7.609163539129882e-06
EL.KW	17	0	17	0	18	7.609163539129882e-06
NQ..QD.K	17	0	17	0	18	7.609163539129882e-06
NC.EPRT	17	0	17	0	18	7.609163539129882e-06
HC.F.RT	17	0	17	0	18	7.609163539129882e-06
G.PPH	17	0	17	0	18	7.609163539129882e-06
C....K.CS	17	0	17	0	18	7.609163539129882e-06
C...PHG	17	0	17	0	18	7.609163539129882e-06
L..E..R.Q	17	0	17	0	18	7.609163539129882e-06
G.KELY	17	0	17	0	18	7.609163539129882e-06
NQ...D...P	17	0	17	0	18	7.609163539129882e-06
LCG..P	17	0	17	0	18	7.609163539129882e-06
CY...P.C	17	0	17	0	18	7.609163539129882e-06
H...VWVF	17	0	17	0	18	7.609163539129882e-06
L..E..R.N	17	0	17	0	18	7.609163539129882e-06
V..ELYK	17	0	17	0	18	7.609163539129882e-06
L..EA.R.N	17	0	17	0	18	7.609163539129882e-06
MV..LP.C	17	0	17	0	18	7.609163539129882e-06
Q..RYQP.W	17	0	17	0	18	7.609163539129882e-06
Q..RYQP	17	0	17	0	18	7.609163539129882e-06
Y.F...PYW	17	0	17	0	18	7.609163539129882e-06
NQ...D..M	17	0	17	0	18	7.609163539129882e-06
Q...NQ..Q	17	0	17	0	18	7.609163539129882e-06
QRELY	17	0	17	0	18	7.609163539129882e-06
W.DY..MH	17	0	17	0	18	7.609163539129882e-06
NQ..QD..M	17	0	17	0	18	7.609163539129882e-06
FED..YW	17	0	17	0	18	7.609163539129882e-06
TRYQ..W	17	0	17	0	18	7.609163539129882e-06
N...QD...S	17	0	17	0	18	7.609163539129882e-06
VHY..T	17	0	17	0	18	7.609163539129882e-06
C.PMC	17	0	17	0	18	7.609163539129882e-06
S....E.YK	17	0	17	0	18	7.609163539129882e-06
LP.C..R	17	0	17	0	18	7.609163539129882e-06
S....ELYK	17	0	17	0	18	7.609163539129882e-06
EDY..M	17	0	17	0	18	7.609163539129882e-06
Q..AV.E	17	0	17	0	18	7.609163539129882e-06
CG..PHT	17	0	17	0	18	7.609163539129882e-06
N.....S.WQH	17	0	17	0	18	7.609163539129882e-06
M...LPRC	17	0	17	0	18	7.609163539129882e-06
M...LPTC	17	0	17	0	18	7.609163539129882e-06
L..EAN	17	0	17	0	18	7.609163539129882e-06
N.C.F...P	17	0	17	0	18	7.609163539129882e-06
MR.Y...H	17	0	17	0	18	7.609163539129882e-06
MR.QP.W	17	0	17	0	18	7.609163539129882e-06
NQ..QD.T	17	0	17	0	18	7.609163539129882e-06
ELYK..K	17	0	17	0	18	7.609163539129882e-06
MRYQP.W	17	0	17	0	18	7.609163539129882e-06
MRYQ..W	17	0	17	0	18	7.609163539129882e-06
MRY.P.W	17	0	17	0	18	7.609163539129882e-06
MRYQP	17	0	17	0	18	7.609163539129882e-06
NQ..QD..F	17	0	17	0	18	7.609163539129882e-06
MRDY	17	0	17	0	18	7.609163539129882e-06
FEH.PYW	17	0	17	0	18	7.609163539129882e-06
EL.K..K	17	0	17	0	18	7.609163539129882e-06
S.WQH....W	17	0	17	0	18	7.609163539129882e-06
HC.FPRTP	17	0	17	0	18	7.609163539129882e-06
L..E..RH	17	0	17	0	18	7.609163539129882e-06
N..FPRE	17	0	17	0	18	7.609163539129882e-06
NQ..QD...S	17	0	17	0	18	7.609163539129882e-06
S.WQH....C	17	0	17	0	18	7.609163539129882e-06
CW.P.EP	17	0	17	0	18	7.609163539129882e-06
S.WQ.....W	17	0	17	0	18	7.609163539129882e-06
I....S.W.H	17	0	17	0	18	7.609163539129882e-06
S.WQ....I	17	0	17	0	18	7.609163539129882e-06
S.WQ.....C	17	0	17	0	18	7.609163539129882e-06
I....S.WQ	17	0	17	0	18	7.609163539129882e-06
QR.LYK	17	0	17	0	18	7.609163539129882e-06
CAEP..P	17	0	17	0	18	7.609163539129882e-06
V..HL.P	17	0	17	0	18	7.609163539129882e-06
C.QDL..C	17	0	17	0	18	7.609163539129882e-06
LYK....S	17	0	17	0	18	7.609163539129882e-06
MHF...V	17	0	17	0	18	7.609163539129882e-06
M.....V.VF	17	0	17	0	18	7.609163539129882e-06
MHF...D	17	0	17	0	18	7.609163539129882e-06
WDY..AH	17	0	17	0	18	7.609163539129882e-06
G..PHT	17	0	17	0	18	7.609163539129882e-06
S.NTK..R	17	0	17	0	18	7.609163539129882e-06
LL..EA.R	17	0	17	0	18	7.609163539129882e-06
S.NTH..R	17	0	17	0	18	7.609163539129882e-06
S.N.K..R	17	0	17	0	18	7.609163539129882e-06
M....PTC	17	0	17	0	18	7.609163539129882e-06
NQ..Q...I	17	0	17	0	18	7.609163539129882e-06
N..EPRT	17	0	17	0	18	7.609163539129882e-06
V..HLT	17	0	17	0	18	7.609163539129882e-06
FED.PYW	17	0	17	0	18	7.609163539129882e-06
KEL....I	17	0	17	0	18	7.609163539129882e-06
E.YK...S	17	0	17	0	18	7.609163539129882e-06
FED.PY	17	0	17	0	18	7.609163539129882e-06
N..F.REP	17	0	17	0	18	7.609163539129882e-06
G.K.LYK	17	0	17	0	18	7.609163539129882e-06
KEL...K	17	0	17	0	18	7.609163539129882e-06
C.....WQH	17	0	17	0	18	7.609163539129882e-06
C.F...PF	17	0	17	0	18	7.609163539129882e-06
C.EP..PG	17	0	17	0	18	7.609163539129882e-06
C....EA.R	17	0	17	0	18	7.609163539129882e-06
V..FE..P	17	0	17	0	18	7.609163539129882e-06
YTRK	17	0	17	0	18	7.609163539129882e-06
C.L..EA.R	17	0	17	0	18	7.609163539129882e-06
SW.T...P	17	0	17	0	18	7.609163539129882e-06
H..F.RTP	17	0	17	0	18	7.609163539129882e-06
LL...A.R	17	0	17	0	18	7.609163539129882e-06
M...C..P..P	17	0	17	0	18	7.609163539129882e-06
KEL.KV	17	0	17	0	18	7.609163539129882e-06
STNT...F	17	0	17	0	18	7.609163539129882e-06
STNT...D	17	0	17	0	18	7.609163539129882e-06
QR.LY	17	0	17	0	18	7.609163539129882e-06
N..EPRTP	17	0	17	0	18	7.609163539129882e-06
L..EA.RS	17	0	17	0	18	7.609163539129882e-06
YQPRW	17	0	17	0	18	7.609163539129882e-06
P.TPW	17	0	17	0	18	7.609163539129882e-06
VG.HL	17	0	17	0	18	7.609163539129882e-06
KELYKV	17	0	17	0	18	7.609163539129882e-06
N.T.Y.P	17	0	17	0	18	7.609163539129882e-06
KE.YKV	17	0	17	0	18	7.609163539129882e-06
FEH.PY	17	0	17	0	18	7.609163539129882e-06
FEQ..Y	17	0	17	0	18	7.609163539129882e-06
PYW.T	17	0	17	0	18	7.609163539129882e-06
M.T..P.C	17	0	17	0	18	7.609163539129882e-06
N....PN.P	17	0	17	0	18	7.609163539129882e-06
CD.P.E	17	0	17	0	18	7.609163539129882e-06
C.FP..PT	17	0	17	0	18	7.609163539129882e-06
C.K..P.C	17	0	17	0	18	7.609163539129882e-06
L..EA..S	17	0	17	0	18	7.609163539129882e-06
APWKW.D	17	0	17	0	18	7.609163539129882e-06
TRY.P.W	17	0	17	0	18	7.609163539129882e-06
APW.W.D	17	0	17	0	18	7.609163539129882e-06
FEH..Y	17	0	17	0	18	7.609163539129882e-06
N.....S.W.H	17	0	17	0	18	7.609163539129882e-06
ELYK..C	17	0	17	0	18	7.609163539129882e-06
CNEP..P	17	0	17	0	18	7.609163539129882e-06
CD.PR.P	17	0	17	0	18	7.609163539129882e-06
A...V.VF	17	0	17	0	18	7.609163539129882e-06
L.....WVF	17	0	17	0	18	7.609163539129882e-06
CN.P.EP	17	0	17	0	18	7.609163539129882e-06
FE...YWG	17	0	17	0	18	7.609163539129882e-06
A.HI.V	17	0	17	0	18	7.609163539129882e-06
A...ELYK	17	0	17	0	18	7.609163539129882e-06
FE...Y.T	17	0	17	0	18	7.609163539129882e-06
FE...Y.G	17	0	17	0	18	7.609163539129882e-06
FEH..YW	17	0	17	0	18	7.609163539129882e-06
M.N.LP	17	0	17	0	18	7.609163539129882e-06
FE..P..G	17	0	17	0	18	7.609163539129882e-06
C..P..P.P	17	0	17	0	18	7.609163539129882e-06
CI.P.T	17	0	17	0	18	7.609163539129882e-06
A.L..EA	17	0	17	0	18	7.609163539129882e-06
Q...YQP	17	0	17	0	18	7.609163539129882e-06
EQF...M	17	0	17	0	18	7.609163539129882e-06
CLFP..P	17	0	17	0	18	7.609163539129882e-06
FE..PY.T	17	0	17	0	18	7.609163539129882e-06
FE..PY.G	17	0	17	0	18	7.609163539129882e-06
FE..PYWG	17	0	17	0	18	7.609163539129882e-06
FE..PYWT	17	0	17	0	18	7.609163539129882e-06
CG.LPH	17	0	17	0	18	7.609163539129882e-06
Q...YQP.W	17	0	17	0	18	7.609163539129882e-06
M.YQP.W	17	0	17	0	18	7.609163539129882e-06
Q...Y.P.W	17	0	17	0	18	7.609163539129882e-06
FEY.PY	17	0	17	0	18	7.609163539129882e-06
R.LYK.D	17	0	17	0	18	7.609163539129882e-06
L...Y.P.W	17	0	17	0	18	7.609163539129882e-06
CI.P.TP	17	0	17	0	18	7.609163539129882e-06
C.YTR	17	0	17	0	18	7.609163539129882e-06
ELYK...F	17	0	17	0	18	7.609163539129882e-06
CF.P.EP	17	0	17	0	18	7.609163539129882e-06
C..PPH	17	0	17	0	18	7.609163539129882e-06
W.DY..K	17	0	17	0	18	7.609163539129882e-06
C..DL.LC	17	0	17	0	18	7.609163539129882e-06
E....E.YK	17	0	17	0	18	7.609163539129882e-06
ELYK...S	17	0	17	0	18	7.609163539129882e-06
R.Q..W..C	17	0	17	0	18	7.609163539129882e-06
H....PR.P	17	0	17	0	18	7.609163539129882e-06
V.PN.P	17	0	17	0	18	7.609163539129882e-06
T.C...R.P	17	0	17	0	18	7.609163539129882e-06
RELY.H	17	0	17	0	18	7.609163539129882e-06
F.H.P.W	17	0	17	0	18	7.609163539129882e-06
T.E..P.W	17	0	17	0	18	7.609163539129882e-06
T.C..PR.P	17	0	17	0	18	7.609163539129882e-06
RE.Y.R	17	0	17	0	18	7.609163539129882e-06
REL.K.D	17	0	17	0	18	7.609163539129882e-06
F.H.PYW	17	0	17	0	18	7.609163539129882e-06
E....ELYK	17	0	17	0	18	7.609163539129882e-06
T.C.F...P	17	0	17	0	18	7.609163539129882e-06
T.C.FP..P	17	0	17	0	18	7.609163539129882e-06
QREL.K	17	0	17	0	18	7.609163539129882e-06
G.K.L.K	17	0	17	0	18	7.609163539129882e-06
V.VF...C	17	0	17	0	18	7.609163539129882e-06
F...P.W.V	17	0	17	0	18	7.609163539129882e-06
N.C.FP..P	17	0	17	0	18	7.609163539129882e-06
RY.PR	17	0	17	0	18	7.609163539129882e-06
LYK..K	17	0	17	0	18	7.609163539129882e-06
F...PYWT	17	0	17	0	18	7.609163539129882e-06
F...PYWG	17	0	17	0	18	7.609163539129882e-06
FED.P.W	17	0	17	0	18	7.609163539129882e-06
M.G.LP	17	0	17	0	18	7.609163539129882e-06
C...LPKC	17	0	17	0	18	7.609163539129882e-06
HC.FPRT	17	0	17	0	18	7.609163539129882e-06
F.R..YW	17	0	17	0	18	7.609163539129882e-06
RYQPE	17	0	17	0	18	7.609163539129882e-06
WVF...C	17	0	17	0	18	7.609163539129882e-06
RY.PEW	17	0	17	0	18	7.609163539129882e-06
WED....H	17	0	17	0	18	7.609163539129882e-06
T.Y.P.W	17	0	17	0	18	7.609163539129882e-06
F....RS.H	17	0	17	0	18	7.609163539129882e-06
EY..YW	17	0	17	0	18	7.609163539129882e-06
F.....LP.C	17	0	17	0	18	7.609163539129882e-06
CF.PN.P	17	0	17	0	18	7.609163539129882e-06
M..EQC	17	0	17	0	18	7.609163539129882e-06
C...LPF	17	0	17	0	18	7.609163539129882e-06
CL...K.C	17	0	17	0	18	7.609163539129882e-06
C.Y..KM	17	0	17	0	18	7.609163539129882e-06
RYQPRW	17	0	17	0	18	7.609163539129882e-06
RYQ...F	17	0	17	0	18	7.609163539129882e-06
G.....S.WQH	17	0	17	0	18	7.609163539129882e-06
G.KEL.K	17	0	17	0	18	7.609163539129882e-06
N...QD..P	17	0	17	0	18	7.609163539129882e-06
F.NQ..QD	17	0	17	0	18	7.609163539129882e-06
F.NQ..Q	17	0	17	0	18	7.609163539129882e-06
C.Y...MC	17	0	17	0	18	7.609163539129882e-06
G.KE.YK	17	0	17	0	18	7.609163539129882e-06
L..EA.R..A	17	0	17	0	18	7.609163539129882e-06
Y..Y.P.W	17	0	17	0	18	7.609163539129882e-06
E..R.Q..W	17	0	17	0	18	7.609163539129882e-06
C..PN..H	17	0	17	0	18	7.609163539129882e-06
G.KELYK	17	0	17	0	18	7.609163539129882e-06
QRE.Y	17	0	17	0	18	7.609163539129882e-06
L...A.R.Q	17	0	17	0	18	7.609163539129882e-06
C..P.TPK	17	0	17	0	18	7.609163539129882e-06
FDYF	17	0	17	0	18	7.609163539129882e-06
EDY..KH	17	0	17	0	18	7.609163539129882e-06
ED.PYW	17	0	17	0	18	7.609163539129882e-06
TRYQP.W	17	0	17	0	18	7.609163539129882e-06
L..E..RF	17	0	17	0	18	7.609163539129882e-06
L..EA.RH	17	0	17	0	18	7.609163539129882e-06
P......WQH	17	0	17	0	18	7.609163539129882e-06
ARYQP	17	0	17	0	18	7.609163539129882e-06
ARYQ..W	17	0	17	0	18	7.609163539129882e-06
AF...P.W	17	0	17	0	18	7.609163539129882e-06
NC.E.RT	17	0	17	0	18	7.609163539129882e-06
G.R..P.W	17	0	17	0	18	7.609163539129882e-06
YQPSW	17	0	17	0	18	7.609163539129882e-06
E..PYWT	17	0	17	0	18	7.609163539129882e-06
VDL..C	17	0	17	0	18	7.609163539129882e-06
CQ.PN.P	17	0	17	0	18	7.609163539129882e-06
Q....QP.W	17	0	17	0	18	7.609163539129882e-06
TC....K.C	17	0	17	0	18	7.609163539129882e-06
FEE...W	17	0	17	0	18	7.609163539129882e-06
C....PKC	17	0	17	0	18	7.609163539129882e-06
ISPS	17	0	17	0	18	7.609163539129882e-06
FEH.P.W	17	0	17	0	18	7.609163539129882e-06
VFP..P	17	0	17	0	18	7.609163539129882e-06
VC...L..C	17	0	17	0	18	7.609163539129882e-06
VWVF....N	17	0	17	0	18	7.609163539129882e-06
KE..K.D	17	0	17	0	18	7.609163539129882e-06
KKM.Q	17	0	17	0	18	7.609163539129882e-06
SD.T...D	17	0	17	0	18	7.609163539129882e-06
VWVF....E	17	0	17	0	18	7.609163539129882e-06
L..E..RI	17	0	17	0	18	7.609163539129882e-06
VWVF...V	17	0	17	0	18	7.609163539129882e-06
VWVF...C	17	0	17	0	18	7.609163539129882e-06
VWVF...N	17	0	17	0	18	7.609163539129882e-06
CK...TP	17	0	17	0	18	7.609163539129882e-06
K.LYKV	17	0	17	0	18	7.609163539129882e-06
L....QP.W	17	0	17	0	18	7.609163539129882e-06
ELYK..P	17	0	17	0	18	7.609163539129882e-06
C.E...PG	17	0	17	0	18	7.609163539129882e-06
T.....LP.C	17	0	17	0	18	7.609163539129882e-06
KKV.Q	17	0	17	0	18	7.609163539129882e-06
DW.SC	17	0	17	0	18	7.609163539129882e-06
IRY...W	17	0	17	0	18	7.609163539129882e-06
F.L..EA	17	0	17	0	18	7.609163539129882e-06
V....VWV	17	0	17	0	18	7.609163539129882e-06
CD...EP	17	0	17	0	18	7.609163539129882e-06
G...E.YK	17	0	17	0	18	7.609163539129882e-06
VWVF.L	17	0	17	0	18	7.609163539129882e-06
QRE.YK	17	0	17	0	18	7.609163539129882e-06
DYF.MH	17	0	17	0	18	7.609163539129882e-06
G...ELYK	17	0	17	0	18	7.609163539129882e-06
C.V..KLC	17	0	17	0	18	7.609163539129882e-06
CM...P.C	17	0	17	0	18	7.609163539129882e-06
Y.FE...YW	17	0	17	0	18	7.609163539129882e-06
P...RS.H	17	0	17	0	18	7.609163539129882e-06
EL..YW	17	0	17	0	18	7.609163539129882e-06
V.....LP.C	17	0	17	0	18	7.609163539129882e-06
SDN....D	17	0	17	0	18	7.609163539129882e-06
EP..PK	17	0	17	0	18	7.609163539129882e-06
K.L.KV	17	0	17	0	18	7.609163539129882e-06
K..KK..Q	17	0	17	0	18	7.609163539129882e-06
L..EAMR	17	0	17	0	18	7.609163539129882e-06
PWKW.D	17	0	17	0	18	7.609163539129882e-06
ELYKW	17	0	17	0	18	7.609163539129882e-06
L..EA....A	17	0	17	0	18	7.609163539129882e-06
V..F...P.W	17	0	17	0	18	7.609163539129882e-06
YM...LP	17	0	17	0	18	7.609163539129882e-06
CM.P.TP	17	0	17	0	18	7.609163539129882e-06
CM.PN.P	17	0	17	0	18	7.609163539129882e-06
L...A.R..A	17	0	17	0	18	7.609163539129882e-06
Y.FE..P.W	17	0	17	0	18	7.609163539129882e-06
YQP.W.M	17	0	17	0	18	7.609163539129882e-06
CMFP..P	17	0	17	0	18	7.609163539129882e-06
TR.QP.W	17	0	17	0	18	7.609163539129882e-06
H..FPRTP	17	0	17	0	18	7.609163539129882e-06
K..YKV	17	0	17	0	18	7.609163539129882e-06
K..ELYK	17	0	17	0	18	7.609163539129882e-06
TN.F.A	17	0	17	0	18	7.609163539129882e-06
GL..EA.R	17	0	17	0	18	7.609163539129882e-06
QRELYK	17	0	17	0	18	7.609163539129882e-06
CD.P.EP	17	0	17	0	18	7.609163539129882e-06
C.FP..PF	17	0	17	0	18	7.609163539129882e-06
P.C.EP..P	17	0	17	0	18	7.609163539129882e-06
PYWG	17	0	17	0	18	7.609163539129882e-06
AP.KW.D	17	0	17	0	18	7.609163539129882e-06
PN.PT	17	0	17	0	18	7.609163539129882e-06
L..EANR	17	0	17	0	18	7.609163539129882e-06
C.T.LP.C	17	0	17	0	18	7.609163539129882e-06
ELYK...Y	17	0	17	0	18	7.609163539129882e-06
EA.R.Q	17	0	17	0	18	7.609163539129882e-06
ET.P.W	17	0	17	0	18	7.609163539129882e-06
A....VWVF	17	0	17	0	18	7.609163539129882e-06
A....EA.R	17	0	17	0	18	7.609163539129882e-06
F.D.PYW	17	0	17	0	18	7.609163539129882e-06
W...NQ...D	17	0	17	0	18	7.609163539129882e-06
A.YQP.W	17	0	17	0	18	7.609163539129882e-06
FE...YWT	17	0	17	0	18	7.609163539129882e-06
E...YWG	17	0	17	0	18	7.609163539129882e-06
A.W.Q.N	17	0	17	0	18	7.609163539129882e-06
R.QPSW	17	0	17	0	18	7.609163539129882e-06
A.WKW.D	17	0	17	0	18	7.609163539129882e-06
E..E..PY	17	0	17	0	18	7.609163539129882e-06
FE..P.WG	17	0	17	0	18	7.609163539129882e-06
R....RS.H	17	0	17	0	18	7.609163539129882e-06
R..MHF	17	0	17	0	18	7.609163539129882e-06
R.QPEW	17	0	17	0	18	7.609163539129882e-06
R.LYKH	17	0	17	0	18	7.609163539129882e-06
F.Y.PYW	17	0	17	0	18	7.609163539129882e-06
Y...C..P..P	17	0	17	0	18	7.609163539129882e-06
RY...WA	17	0	17	0	18	7.609163539129882e-06
E....QP.W	17	0	17	0	18	7.609163539129882e-06
RDYF	17	0	17	0	18	7.609163539129882e-06
R.QPRW	17	0	17	0	18	7.609163539129882e-06
R.QP.W.M	17	0	17	0	18	7.609163539129882e-06
RE.YK.D	17	0	17	0	18	7.609163539129882e-06
RELYKH	17	0	17	0	18	7.609163539129882e-06
RELYK.D	17	0	17	0	18	7.609163539129882e-06
RY...WV	17	0	17	0	18	7.609163539129882e-06
Y..C..P..P	17	0	17	0	18	7.609163539129882e-06
TRYQP	17	0	17	0	18	7.609163539129882e-06
Y....S..QH	17	0	17	0	18	7.609163539129882e-06
H...VWV	17	0	17	0	18	7.609163539129882e-06
T.YQP.W	17	0	17	0	18	7.609163539129882e-06
RY.PSW	17	0	17	0	18	7.609163539129882e-06
RY.PRW	17	0	17	0	18	7.609163539129882e-06
RY.P.W.M	17	0	17	0	18	7.609163539129882e-06
RYQ.RW	17	0	17	0	18	7.609163539129882e-06
RYQP.W.M	17	0	17	0	18	7.609163539129882e-06
P....S.W.H	17	0	17	0	18	7.609163539129882e-06
C...LPIC	17	0	17	0	18	7.609163539129882e-06
RYQPR	17	0	17	0	18	7.609163539129882e-06
C.Y..KMC	17	0	17	0	18	7.609163539129882e-06
Y..E..PYW	17	0	17	0	18	7.609163539129882e-06
FDY..MH	17	0	17	0	18	7.609163539129882e-06
RYQ..W.M	17	0	17	0	18	7.609163539129882e-06
RYQ.SW	17	0	17	0	18	7.609163539129882e-06
WVF....N	17	0	17	0	18	7.609163539129882e-06
RYQP...M	17	0	17	0	18	7.609163539129882e-06
G.KE..K	17	0	17	0	18	7.609163539129882e-06
Y....S.WQH	17	0	17	0	18	7.609163539129882e-06
ARY.P.W	17	0	17	0	18	7.609163539129882e-06
P....S..QH	17	0	17	0	18	7.609163539129882e-06
NC.E.RTP	17	0	17	0	18	7.609163539129882e-06
ARYQP.W	17	0	17	0	18	7.609163539129882e-06
AQC.C	17	0	17	0	18	7.609163539129882e-06
Q.....P.EP	17	0	17	0	18	7.609163539129882e-06
WQH.....P	17	0	17	0	18	7.609163539129882e-06
Q....Q..QD	17	0	17	0	18	7.609163539129882e-06
Q..C..P.EP	17	0	17	0	18	7.609163539129882e-06
WNT...P	17	0	17	0	18	7.609163539129882e-06
NC.EPRTP	17	0	17	0	18	7.609163539129882e-06
Q..RY.P.W	17	0	17	0	18	7.609163539129882e-06
Q..R.QP.W	17	0	17	0	18	7.609163539129882e-06
CV.PN.P	17	0	17	0	18	7.609163539129882e-06
Q..RYQ..W	17	0	17	0	18	7.609163539129882e-06
Q...NQ..QD	17	0	17	0	18	7.609163539129882e-06
P.TPK	17	0	17	0	18	7.609163539129882e-06
EL.K..C	17	0	17	0	18	7.609163539129882e-06
VHY.ST	17	0	17	0	18	7.609163539129882e-06
S.WQH...I	17	0	17	0	18	7.609163539129882e-06
YY...LF	17	0	17	0	18	7.609163539129882e-06
NQ..QD.P	17	0	17	0	18	7.609163539129882e-06
S.WQH....F	17	0	17	0	18	7.609163539129882e-06
NQ..QD.H	17	0	17	0	18	7.609163539129882e-06
Q..V.VF	17	0	17	0	18	7.609163539129882e-06
NQ..QD..P	17	0	17	0	18	7.609163539129882e-06
NQ..QD...P	17	0	17	0	18	7.609163539129882e-06
P.C....EP	17	0	17	0	18	7.609163539129882e-06
S.WQH....A	17	0	17	0	18	7.609163539129882e-06
S.W.H....Y	17	0	17	0	18	7.609163539129882e-06
S.W.H....C	17	0	17	0	18	7.609163539129882e-06
S.W.H.....P	17	0	17	0	18	7.609163539129882e-06
S.WQ.....A	17	0	17	0	18	7.609163539129882e-06
S.W.H....A	17	0	17	0	18	7.609163539129882e-06
L..EA.RA	17	0	17	0	18	7.609163539129882e-06
S.W.H....W	17	0	17	0	18	7.609163539129882e-06
S.W.H....I	17	0	17	0	18	7.609163539129882e-06
S.N.F..F	17	0	17	0	18	7.609163539129882e-06
NQ..Q...V	17	0	17	0	18	7.609163539129882e-06
W.DLP	17	0	17	0	18	7.609163539129882e-06
S.C....EP	17	0	17	0	18	7.609163539129882e-06
S..QH....A	17	0	17	0	18	7.609163539129882e-06
NQ..Q....S	17	0	17	0	18	7.609163539129882e-06
YQPN	17	0	17	0	18	7.609163539129882e-06
WD...AH	17	0	17	0	18	7.609163539129882e-06
SWNT...P	17	0	17	0	18	7.609163539129882e-06
SWN....P	17	0	17	0	18	7.609163539129882e-06
KEL..E	17	0	17	0	18	7.609163539129882e-06
C...LP.CS	17	0	17	0	18	7.609163539129882e-06
KE..KG	17	0	17	0	18	7.609163539129882e-06
L.C..P.E	17	0	17	0	18	7.609163539129882e-06
Y.FE..PYW	17	0	17	0	18	7.609163539129882e-06
D.VDE	17	0	17	0	18	7.609163539129882e-06
D.P.CS	17	0	17	0	18	7.609163539129882e-06
CP.P.TP	17	0	17	0	18	7.609163539129882e-06
T....ELYK	17	0	17	0	18	7.609163539129882e-06
KKC.Q	17	0	17	0	18	7.609163539129882e-06
L.TEA	17	0	17	0	18	7.609163539129882e-06
K.YQP	17	0	17	0	18	7.609163539129882e-06
Y.FE..P	17	0	17	0	18	7.609163539129882e-06
CE.P.EP	17	0	17	0	18	7.609163539129882e-06
Y.FE..PY	17	0	17	0	18	7.609163539129882e-06
Y....RS.H	17	0	17	0	18	7.609163539129882e-06
C...PHT	17	0	17	0	18	7.609163539129882e-06
EC...LP.C	17	0	17	0	18	7.609163539129882e-06
F.T.P.W	17	0	17	0	18	7.609163539129882e-06
Y.PSW	17	0	17	0	18	7.609163539129882e-06
AP..Q.N	17	0	17	0	18	7.609163539129882e-06
A....S.WQH	17	0	17	0	18	7.609163539129882e-06
RELY..D	17	0	17	0	18	7.609163539129882e-06
RDYF..H	17	0	17	0	18	7.609163539129882e-06
REL.KH	17	0	17	0	18	7.609163539129882e-06
RYQPS	17	0	17	0	18	7.609163539129882e-06
RYQPSW	17	0	17	0	18	7.609163539129882e-06
RYQ.EW	17	0	17	0	18	7.609163539129882e-06
RYQPEW	17	0	17	0	18	7.609163539129882e-06
HC.F.RTP	17	0	17	0	18	7.609163539129882e-06
Q..C..P.E	17	0	17	0	18	7.609163539129882e-06
S.WQH....I	17	0	17	0	18	7.609163539129882e-06
S.C..P.EP	17	0	17	0	18	7.609163539129882e-06
S.E...YW	17	0	17	0	18	7.609163539129882e-06
A....S..QH	17	0	17	0	18	7.609163539129882e-06
EL.K...Y	17	0	17	0	18	7.609163539129882e-06
Q...W.H	73	29	73	29	2.4666666666666663	7.605485862432972e-06
TWQ	73	29	73	29	2.4666666666666663	7.605485862432972e-06
N...S..QH	26	3	26	3	6.750000000000001	7.580300608420018e-06
YQPW	26	3	26	3	6.750000000000001	7.580300608420018e-06
VWV...F	26	3	26	3	6.750000000000001	7.580300608420018e-06
N...S.WQ	26	3	26	3	6.750000000000001	7.580300608420018e-06
N..MQD	26	3	26	3	6.750000000000001	7.580300608420018e-06
QN.QD	26	3	26	3	6.750000000000001	7.580300608420018e-06
LYKE	26	3	26	3	6.750000000000001	7.580300608420018e-06
NQ...DY	26	3	26	3	6.750000000000001	7.580300608420018e-06
LPFC	26	3	26	3	6.750000000000001	7.580300608420018e-06
C.VWV	26	3	26	3	6.750000000000001	7.580300608420018e-06
Y..KLC	26	3	26	3	6.750000000000001	7.580300608420018e-06
QQ.QD	26	3	26	3	6.750000000000001	7.580300608420018e-06
FV.VF	26	3	26	3	6.750000000000001	7.580300608420018e-06
N.SVI	26	3	26	3	6.750000000000001	7.580300608420018e-06
L..EAY	26	3	26	3	6.750000000000001	7.580300608420018e-06
CC...K.C	26	3	26	3	6.750000000000001	7.580300608420018e-06
EQ..NP	26	3	26	3	6.750000000000001	7.580300608420018e-06
VWV..T	26	3	26	3	6.750000000000001	7.580300608420018e-06
V.VFY	26	3	26	3	6.750000000000001	7.580300608420018e-06
VWV..H	26	3	26	3	6.750000000000001	7.580300608420018e-06
C.N.RK	26	3	26	3	6.750000000000001	7.580300608420018e-06
N....D..N	26	3	26	3	6.750000000000001	7.580300608420018e-06
EL.K..Y	26	3	26	3	6.750000000000001	7.580300608420018e-06
QN...QD	26	3	26	3	6.750000000000001	7.580300608420018e-06
WQH...R	26	3	26	3	6.750000000000001	7.580300608420018e-06
E..EL.K	26	3	26	3	6.750000000000001	7.580300608420018e-06
F...P...V	39	9	39	9	4	7.545374178366028e-06
HF.....W	39	9	39	9	4	7.545374178366028e-06
H......P.C	35	7	35	7	4.5	7.4921975375646685e-06
RY....A	35	7	35	7	4.5	7.4921975375646685e-06
AQ.S	97	45	97	45	2.130434782608696	7.409013592835512e-06
THY	57	19	57	19	2.9	7.314849978410712e-06
L.S.W	57	19	57	19	2.9	7.314849978410712e-06
V.C.....P	41	10	41	10	3.818181818181818	7.300994176058414e-06
NT...F	70	27	70	27	2.5357142857142856	7.2509003040351076e-06
T..PT	62	22	62	22	2.739130434782609	7.2143813233338555e-06
S.W..G	62	22	62	22	2.739130434782609	7.2143813233338555e-06
M..Y....F	33	6	33	6	4.857142857142857	7.100075064877679e-06
C..T..S	52	16	52	16	3.1176470588235294	6.9490844257081736e-06
C......CC	43	11	43	11	3.666666666666667	6.937675334263963e-06
S.W.....S	43	11	43	11	3.666666666666667	6.937675334263963e-06
M..YE	43	11	43	11	3.666666666666667	6.937675334263963e-06
K...N.S	43	11	43	11	3.666666666666667	6.937675334263963e-06
D.....LP	43	11	43	11	3.666666666666667	6.937675334263963e-06
DYC	84	36	84	36	2.2972972972972974	6.79264912773222e-06
SWN	84	36	84	36	2.2972972972972974	6.79264912773222e-06
L..E.Y	67	25	67	25	2.6153846153846154	6.78974141281244e-06
PS...H	67	25	67	25	2.6153846153846154	6.78974141281244e-06
V.MH	67	25	67	25	2.6153846153846154	6.78974141281244e-06
W....QH	67	25	67	25	2.6153846153846154	6.78974141281244e-06
CM....P	67	25	67	25	2.6153846153846154	6.78974141281244e-06
G..S...H	45	12	45	12	3.5384615384615383	6.495041247681311e-06
M....PY	45	12	45	12	3.5384615384615383	6.495041247681311e-06
E....LP	45	12	45	12	3.5384615384615383	6.495041247681311e-06
Y.PY	75	30	75	30	2.4516129032258065	6.4474066388760904e-06
N.S......S	31	5	31	5	5.333333333333333	6.41535722761223e-06
AN.SV	31	5	31	5	5.333333333333333	6.41535722761223e-06
TN.F	59	20	59	20	2.857142857142857	6.388129503463957e-06
S...HK	59	20	59	20	2.857142857142857	6.388129503463957e-06
IM.F	59	20	59	20	2.857142857142857	6.388129503463957e-06
NT...R	64	23	64	23	2.7083333333333335	6.223695035998154e-06
D...S..Q	54	17	54	17	3.0555555555555554	6.180629043386947e-06
Q..Q.L	54	17	54	17	3.0555555555555554	6.180629043386947e-06
A...P.C	54	17	54	17	3.0555555555555554	6.180629043386947e-06
T....W.H	54	17	54	17	3.0555555555555554	6.180629043386947e-06
HN..G	54	17	54	17	3.0555555555555554	6.180629043386947e-06
C..D..M	54	17	54	17	3.0555555555555554	6.180629043386947e-06
EL...D	54	17	54	17	3.0555555555555554	6.180629043386947e-06
S...F.M	47	13	47	13	3.4285714285714284	6.005822688729574e-06
V.V.L	69	26	69	26	2.592592592592592	5.8079528118029755e-06
V..FS	69	26	69	26	2.592592592592592	5.8079528118029755e-06
MN.K	69	26	69	26	2.592592592592592	5.8079528118029755e-06
SF.Q	69	26	69	26	2.592592592592592	5.8079528118029755e-06
GWT	86	37	86	37	2.2894736842105265	5.713106439986461e-06
QD.K	80	33	80	33	2.3823529411764706	5.6077134212033624e-06
CG....P	61	21	61	21	2.818181818181818	5.560552767762302e-06
H.V.V	61	21	61	21	2.818181818181818	5.560552767762302e-06
LP..E	61	21	61	21	2.818181818181818	5.560552767762302e-06
D..EK	61	21	61	21	2.818181818181818	5.560552767762302e-06
E...DL	61	21	61	21	2.818181818181818	5.560552767762302e-06
QH...P	61	21	61	21	2.818181818181818	5.560552767762302e-06
Y......QH	49	14	49	14	3.333333333333333	5.495919286646496e-06
E.L..C	56	18	56	18	3.0000000000000004	5.468220919020624e-06
I..E..E	56	18	56	18	3.0000000000000004	5.468220919020624e-06
ELY.Y	21	1	21	1	11.000000000000002	5.463233283739278e-06
V.YQ..W	21	1	21	1	11.000000000000002	5.463233283739278e-06
MQ...P.C	21	1	21	1	11.000000000000002	5.463233283739278e-06
SN...QD	21	1	21	1	11.000000000000002	5.463233283739278e-06
YQP..C	21	1	21	1	11.000000000000002	5.463233283739278e-06
L..EA..V	21	1	21	1	11.000000000000002	5.463233283739278e-06
SNQ...D	21	1	21	1	11.000000000000002	5.463233283739278e-06
PW.TR	21	1	21	1	11.000000000000002	5.463233283739278e-06
V...S..QH	21	1	21	1	11.000000000000002	5.463233283739278e-06
C..P..PI	21	1	21	1	11.000000000000002	5.463233283739278e-06
RYQ....C	21	1	21	1	11.000000000000002	5.463233283739278e-06
K.N.SV	21	1	21	1	11.000000000000002	5.463233283739278e-06
T...V.VF	21	1	21	1	11.000000000000002	5.463233283739278e-06
L.MEA	21	1	21	1	11.000000000000002	5.463233283739278e-06
VFE..P	21	1	21	1	11.000000000000002	5.463233283739278e-06
M....P.CC	21	1	21	1	11.000000000000002	5.463233283739278e-06
V.THL	21	1	21	1	11.000000000000002	5.463233283739278e-06
NQ..Q...K	21	1	21	1	11.000000000000002	5.463233283739278e-06
E.Y.W.H	21	1	21	1	11.000000000000002	5.463233283739278e-06
C.Y.LK.C	21	1	21	1	11.000000000000002	5.463233283739278e-06
MHF.S	21	1	21	1	11.000000000000002	5.463233283739278e-06
F.C...L..C	21	1	21	1	11.000000000000002	5.463233283739278e-06
EI.P.C	21	1	21	1	11.000000000000002	5.463233283739278e-06
L.E.A.R	21	1	21	1	11.000000000000002	5.463233283739278e-06
WKQL	21	1	21	1	11.000000000000002	5.463233283739278e-06
M.DYF	21	1	21	1	11.000000000000002	5.463233283739278e-06
Y.G.LF	21	1	21	1	11.000000000000002	5.463233283739278e-06
RY...WL	21	1	21	1	11.000000000000002	5.463233283739278e-06
PF...PY	21	1	21	1	11.000000000000002	5.463233283739278e-06
A.RY...W	21	1	21	1	11.000000000000002	5.463233283739278e-06
R..P.WQ	21	1	21	1	11.000000000000002	5.463233283739278e-06
R..PFW	21	1	21	1	11.000000000000002	5.463233283739278e-06
R..PPW	21	1	21	1	11.000000000000002	5.463233283739278e-06
W.EL.K	21	1	21	1	11.000000000000002	5.463233283739278e-06
F.K..YW	21	1	21	1	11.000000000000002	5.463233283739278e-06
H....LYK	21	1	21	1	11.000000000000002	5.463233283739278e-06
F.YQP	21	1	21	1	11.000000000000002	5.463233283739278e-06
LYKS	21	1	21	1	11.000000000000002	5.463233283739278e-06
F..V.VF	21	1	21	1	11.000000000000002	5.463233283739278e-06
V.C..P..P	21	1	21	1	11.000000000000002	5.463233283739278e-06
RY...W.D	21	1	21	1	11.000000000000002	5.463233283739278e-06
VF....YW	21	1	21	1	11.000000000000002	5.463233283739278e-06
NQ..Q.S	21	1	21	1	11.000000000000002	5.463233283739278e-06
QP.WL	21	1	21	1	11.000000000000002	5.463233283739278e-06
RY.P...C	21	1	21	1	11.000000000000002	5.463233283739278e-06
LYK..G	21	1	21	1	11.000000000000002	5.463233283739278e-06
C.Q..KM	21	1	21	1	11.000000000000002	5.463233283739278e-06
E.YK..G	21	1	21	1	11.000000000000002	5.463233283739278e-06
Y..FLF	21	1	21	1	11.000000000000002	5.463233283739278e-06
N.SV....D	21	1	21	1	11.000000000000002	5.463233283739278e-06
S.DY..A	21	1	21	1	11.000000000000002	5.463233283739278e-06
MN...QD	21	1	21	1	11.000000000000002	5.463233283739278e-06
V...S.WQ	21	1	21	1	11.000000000000002	5.463233283739278e-06
ARYQ	21	1	21	1	11.000000000000002	5.463233283739278e-06
M..VWV	21	1	21	1	11.000000000000002	5.463233283739278e-06
Q..QD...Y	21	1	21	1	11.000000000000002	5.463233283739278e-06
NQ...D...E	21	1	21	1	11.000000000000002	5.463233283739278e-06
CV..L..C	21	1	21	1	11.000000000000002	5.463233283739278e-06
WKF.D	21	1	21	1	11.000000000000002	5.463233283739278e-06
Q.NQ..Q	21	1	21	1	11.000000000000002	5.463233283739278e-06
Q..QD...E	21	1	21	1	11.000000000000002	5.463233283739278e-06
CV.P.TP	21	1	21	1	11.000000000000002	5.463233283739278e-06
L..ELY	21	1	21	1	11.000000000000002	5.463233283739278e-06
S...VWV	21	1	21	1	11.000000000000002	5.463233283739278e-06
H.MHF	21	1	21	1	11.000000000000002	5.463233283739278e-06
V.VF..Y	21	1	21	1	11.000000000000002	5.463233283739278e-06
F...WVF	21	1	21	1	11.000000000000002	5.463233283739278e-06
WD...MH	21	1	21	1	11.000000000000002	5.463233283739278e-06
P.KTR	21	1	21	1	11.000000000000002	5.463233283739278e-06
M..VW.F	21	1	21	1	11.000000000000002	5.463233283739278e-06
LP.C.M	21	1	21	1	11.000000000000002	5.463233283739278e-06
Q....S.W.H	21	1	21	1	11.000000000000002	5.463233283739278e-06
Q..RS.H	21	1	21	1	11.000000000000002	5.463233283739278e-06
Y..DLF	21	1	21	1	11.000000000000002	5.463233283739278e-06
V.VF...E	21	1	21	1	11.000000000000002	5.463233283739278e-06
L.M.A.R	21	1	21	1	11.000000000000002	5.463233283739278e-06
F.R.P.W	21	1	21	1	11.000000000000002	5.463233283739278e-06
WVF...Q	21	1	21	1	11.000000000000002	5.463233283739278e-06
C..VPH	21	1	21	1	11.000000000000002	5.463233283739278e-06
MW...P.C	21	1	21	1	11.000000000000002	5.463233283739278e-06
N.SV.I	21	1	21	1	11.000000000000002	5.463233283739278e-06
F..VWV	21	1	21	1	11.000000000000002	5.463233283739278e-06
RS.HR	21	1	21	1	11.000000000000002	5.463233283739278e-06
RS.HA	21	1	21	1	11.000000000000002	5.463233283739278e-06
L.DEA	21	1	21	1	11.000000000000002	5.463233283739278e-06
NQ...D.I	21	1	21	1	11.000000000000002	5.463233283739278e-06
RS.H.G	21	1	21	1	11.000000000000002	5.463233283739278e-06
NQ...D..S	21	1	21	1	11.000000000000002	5.463233283739278e-06
AEA.R	21	1	21	1	11.000000000000002	5.463233283739278e-06
F.C.P.W	21	1	21	1	11.000000000000002	5.463233283739278e-06
C.N..KL	21	1	21	1	11.000000000000002	5.463233283739278e-06
CT..LP	21	1	21	1	11.000000000000002	5.463233283739278e-06
R.Q..W.D	21	1	21	1	11.000000000000002	5.463233283739278e-06
R.Q..W.C	21	1	21	1	11.000000000000002	5.463233283739278e-06
PYWT	21	1	21	1	11.000000000000002	5.463233283739278e-06
V..VWVF	21	1	21	1	11.000000000000002	5.463233283739278e-06
R.QPFW	21	1	21	1	11.000000000000002	5.463233283739278e-06
CS.P.T	21	1	21	1	11.000000000000002	5.463233283739278e-06
AP..WR	21	1	21	1	11.000000000000002	5.463233283739278e-06
R.N.SV	21	1	21	1	11.000000000000002	5.463233283739278e-06
A..KF.D	21	1	21	1	11.000000000000002	5.463233283739278e-06
A.C..P..P	21	1	21	1	11.000000000000002	5.463233283739278e-06
W.......WQH	21	1	21	1	11.000000000000002	5.463233283739278e-06
MM..LP	21	1	21	1	11.000000000000002	5.463233283739278e-06
NQ..QD...Y	21	1	21	1	11.000000000000002	5.463233283739278e-06
A.RY.P	21	1	21	1	11.000000000000002	5.463233283739278e-06
A..LYK	21	1	21	1	11.000000000000002	5.463233283739278e-06
Y.....LP.C	21	1	21	1	11.000000000000002	5.463233283739278e-06
PL..EA	21	1	21	1	11.000000000000002	5.463233283739278e-06
V.E..PY	21	1	21	1	11.000000000000002	5.463233283739278e-06
V.E..P.W	21	1	21	1	11.000000000000002	5.463233283739278e-06
S.NT.V	21	1	21	1	11.000000000000002	5.463233283739278e-06
CEEP..P	21	1	21	1	11.000000000000002	5.463233283739278e-06
MHF.I	21	1	21	1	11.000000000000002	5.463233283739278e-06
P.V.VF	21	1	21	1	11.000000000000002	5.463233283739278e-06
EN...QD	21	1	21	1	11.000000000000002	5.463233283739278e-06
S..QH...G	21	1	21	1	11.000000000000002	5.463233283739278e-06
ELY.S	21	1	21	1	11.000000000000002	5.463233283739278e-06
R..Y..MH	21	1	21	1	11.000000000000002	5.463233283739278e-06
VW.F...Y	21	1	21	1	11.000000000000002	5.463233283739278e-06
V..HLV	21	1	21	1	11.000000000000002	5.463233283739278e-06
IL...A.R	21	1	21	1	11.000000000000002	5.463233283739278e-06
S.Q..QD	21	1	21	1	11.000000000000002	5.463233283739278e-06
VW.F.S	21	1	21	1	11.000000000000002	5.463233283739278e-06
W.PR.P	21	1	21	1	11.000000000000002	5.463233283739278e-06
K..YK..Y	21	1	21	1	11.000000000000002	5.463233283739278e-06
V...N.SV	21	1	21	1	11.000000000000002	5.463233283739278e-06
CP..LP	21	1	21	1	11.000000000000002	5.463233283739278e-06
DAVEE	21	1	21	1	11.000000000000002	5.463233283739278e-06
QK.QD	21	1	21	1	11.000000000000002	5.463233283739278e-06
DL..EA	21	1	21	1	11.000000000000002	5.463233283739278e-06
LKEL	21	1	21	1	11.000000000000002	5.463233283739278e-06
C....P.CE	21	1	21	1	11.000000000000002	5.463233283739278e-06
VWV.G	21	1	21	1	11.000000000000002	5.463233283739278e-06
RS.HV	21	1	21	1	11.000000000000002	5.463233283739278e-06
EH.PY	21	1	21	1	11.000000000000002	5.463233283739278e-06
M...L.NC	21	1	21	1	11.000000000000002	5.463233283739278e-06
RYQ.H	21	1	21	1	11.000000000000002	5.463233283739278e-06
WVF...E	21	1	21	1	11.000000000000002	5.463233283739278e-06
YD.K.C	21	1	21	1	11.000000000000002	5.463233283739278e-06
L..E..RV	21	1	21	1	11.000000000000002	5.463233283739278e-06
DL.LC	21	1	21	1	11.000000000000002	5.463233283739278e-06
YQPPW	21	1	21	1	11.000000000000002	5.463233283739278e-06
DEA.R	21	1	21	1	11.000000000000002	5.463233283739278e-06
DNTH	21	1	21	1	11.000000000000002	5.463233283739278e-06
PR.PK	21	1	21	1	11.000000000000002	5.463233283739278e-06
P.VWV	21	1	21	1	11.000000000000002	5.463233283739278e-06
KC...L..C	21	1	21	1	11.000000000000002	5.463233283739278e-06
D..E.RT	21	1	21	1	11.000000000000002	5.463233283739278e-06
Q.S..Q	77	31	77	31	2.4375	5.4618891021991855e-06
F.QH	77	31	77	31	2.4375	5.4618891021991855e-06
NQ.DQ	29	4	29	4	6.000000000000001	5.432022132714666e-06
D..FP.E	29	4	29	4	6.000000000000001	5.432022132714666e-06
G..WQH	29	4	29	4	6.000000000000001	5.432022132714666e-06
N.SVA	29	4	29	4	6.000000000000001	5.432022132714666e-06
FN.SV	29	4	29	4	6.000000000000001	5.432022132714666e-06
IVW.F	29	4	29	4	6.000000000000001	5.432022132714666e-06
A.VWV	29	4	29	4	6.000000000000001	5.432022132714666e-06
H..FPN	29	4	29	4	6.000000000000001	5.432022132714666e-06
C.Y..KL	29	4	29	4	6.000000000000001	5.432022132714666e-06
Q..P.C	66	24	66	24	2.6799999999999997	5.3578309291110516e-06
E..VW	66	24	66	24	2.6799999999999997	5.3578309291110516e-06
KW.H	74	29	74	29	2.5	5.247381450129839e-06
IWQ	74	29	74	29	2.5	5.247381450129839e-06
H.NQ	74	29	74	29	2.5	5.247381450129839e-06
H..V.VF	24	2	24	2	8.333333333333334	5.221431721616409e-06
I.Q..QD	24	2	24	2	8.333333333333334	5.221431721616409e-06
LYK.I	24	2	24	2	8.333333333333334	5.221431721616409e-06
L..N.SV	24	2	24	2	8.333333333333334	5.221431721616409e-06
L.V.VF	24	2	24	2	8.333333333333334	5.221431721616409e-06
S.W.H...C	24	2	24	2	8.333333333333334	5.221431721616409e-06
R.Q.WW	24	2	24	2	8.333333333333334	5.221431721616409e-06
WVFC	24	2	24	2	8.333333333333334	5.221431721616409e-06
PYWS	24	2	24	2	8.333333333333334	5.221431721616409e-06
A..VWV	24	2	24	2	8.333333333333334	5.221431721616409e-06
SWN.H	24	2	24	2	8.333333333333334	5.221431721616409e-06
K...WVF	24	2	24	2	8.333333333333334	5.221431721616409e-06
K....S.WQ	24	2	24	2	8.333333333333334	5.221431721616409e-06
S..N.SV	24	2	24	2	8.333333333333334	5.221431721616409e-06
Q.C..P.T	24	2	24	2	8.333333333333334	5.221431721616409e-06
VW.F.P	24	2	24	2	8.333333333333334	5.221431721616409e-06
K.V.VF	24	2	24	2	8.333333333333334	5.221431721616409e-06
VW.FN	24	2	24	2	8.333333333333334	5.221431721616409e-06
VWV..P	24	2	24	2	8.333333333333334	5.221431721616409e-06
N..VQD	24	2	24	2	8.333333333333334	5.221431721616409e-06
H..LYK	24	2	24	2	8.333333333333334	5.221431721616409e-06
YG..LF	24	2	24	2	8.333333333333334	5.221431721616409e-06
YVE.H	24	2	24	2	8.333333333333334	5.221431721616409e-06
D..E.NE	24	2	24	2	8.333333333333334	5.221431721616409e-06
CE...P.C	24	2	24	2	8.333333333333334	5.221431721616409e-06
C..P..PE	24	2	24	2	8.333333333333334	5.221431721616409e-06
STN.K	24	2	24	2	8.333333333333334	5.221431721616409e-06
L.FE..R	24	2	24	2	8.333333333333334	5.221431721616409e-06
KK.TQ	24	2	24	2	8.333333333333334	5.221431721616409e-06
VW.F..Q	24	2	24	2	8.333333333333334	5.221431721616409e-06
T.....WVF	24	2	24	2	8.333333333333334	5.221431721616409e-06
K..WVF	24	2	24	2	8.333333333333334	5.221431721616409e-06
VWV..C	24	2	24	2	8.333333333333334	5.221431721616409e-06
S.P.TP	24	2	24	2	8.333333333333334	5.221431721616409e-06
VWV...T	24	2	24	2	8.333333333333334	5.221431721616409e-06
TNTK	24	2	24	2	8.333333333333334	5.221431721616409e-06
A.W.TL	24	2	24	2	8.333333333333334	5.221431721616409e-06
L.LEA	24	2	24	2	8.333333333333334	5.221431721616409e-06
E..P.WE	24	2	24	2	8.333333333333334	5.221431721616409e-06
C.ISP	24	2	24	2	8.333333333333334	5.221431721616409e-06
Q..QD.E	24	2	24	2	8.333333333333334	5.221431721616409e-06
I...V.VF	24	2	24	2	8.333333333333334	5.221431721616409e-06
EI.PY	24	2	24	2	8.333333333333334	5.221431721616409e-06
RY.PL	24	2	24	2	8.333333333333334	5.221431721616409e-06
RNQ..Q	24	2	24	2	8.333333333333334	5.221431721616409e-06
N.ELY	24	2	24	2	8.333333333333334	5.221431721616409e-06
V.N.SG	24	2	24	2	8.333333333333334	5.221431721616409e-06
LP.C.D	24	2	24	2	8.333333333333334	5.221431721616409e-06
L...ATR	24	2	24	2	8.333333333333334	5.221431721616409e-06
VM.HL	24	2	24	2	8.333333333333334	5.221431721616409e-06
S..Y.E.H	24	2	24	2	8.333333333333334	5.221431721616409e-06
NQ..Q..D	24	2	24	2	8.333333333333334	5.221431721616409e-06
V.VHL	24	2	24	2	8.333333333333334	5.221431721616409e-06
EK.P.W	24	2	24	2	8.333333333333334	5.221431721616409e-06
C.N...SC	24	2	24	2	8.333333333333334	5.221431721616409e-06
EL.KQ	24	2	24	2	8.333333333333334	5.221431721616409e-06
N.F.QD	24	2	24	2	8.333333333333334	5.221431721616409e-06
WK.RN	24	2	24	2	8.333333333333334	5.221431721616409e-06
L..E.WR	24	2	24	2	8.333333333333334	5.221431721616409e-06
A..KFR	24	2	24	2	8.333333333333334	5.221431721616409e-06
Q.WVF	24	2	24	2	8.333333333333334	5.221431721616409e-06
VW.F.C	24	2	24	2	8.333333333333334	5.221431721616409e-06
SC...L..C	24	2	24	2	8.333333333333334	5.221431721616409e-06
NQE.Q	24	2	24	2	8.333333333333334	5.221431721616409e-06
Q...S.WQ	24	2	24	2	8.333333333333334	5.221431721616409e-06
WVF...I	24	2	24	2	8.333333333333334	5.221431721616409e-06
M.VW.F	24	2	24	2	8.333333333333334	5.221431721616409e-06
VR.HL	24	2	24	2	8.333333333333334	5.221431721616409e-06
NQ...D.C	24	2	24	2	8.333333333333334	5.221431721616409e-06
Y..KCC	24	2	24	2	8.333333333333334	5.221431721616409e-06
CK....P	51	15	51	15	3.25	4.98502541691971e-06
N.L..D	51	15	51	15	3.25	4.98502541691971e-06
S..Q..N	71	27	71	27	2.5714285714285716	4.961401652953987e-06
C.MH	63	22	63	22	2.782608695652174	4.826157306300659e-06
EL..E	63	22	63	22	2.782608695652174	4.826157306300659e-06
DW..C	63	22	63	22	2.782608695652174	4.826157306300659e-06
VW....Q	58	19	58	19	2.95	4.815694168572086e-06
N..F.N	58	19	58	19	2.95	4.815694168572086e-06
Q....LP	58	19	58	19	2.95	4.815694168572086e-06
I..E.R	58	19	58	19	2.95	4.815694168572086e-06
SN.Q	85	36	85	36	2.324324324324324	4.792904409470259e-06
SP.Q	79	32	79	32	2.424242424242424	4.624108294319532e-06
DWK	79	32	79	32	2.424242424242424	4.624108294319532e-06
W.HG	68	25	68	25	2.653846153846154	4.603802331502131e-06
K.L..M	40	9	40	9	4.1	4.589193259685549e-06
D......W.H	38	8	38	8	4.333333333333333	4.584109460330361e-06
C......CW	38	8	38	8	4.333333333333333	4.584109460330361e-06
W.F.D	53	16	53	16	3.1764705882352944	4.48750315029282e-06
N.Y.A	53	16	53	16	3.1764705882352944	4.48750315029282e-06
T...P.C	53	16	53	16	3.1764705882352944	4.48750315029282e-06
S..Q...V	53	16	53	16	3.1764705882352944	4.48750315029282e-06
CW.....C	53	16	53	16	3.1764705882352944	4.48750315029282e-06
Y....QH	53	16	53	16	3.1764705882352944	4.48750315029282e-06
Q.QH	100	46	100	46	2.1489361702127656	4.487285512526951e-06
NQ.....I	42	10	42	10	3.9090909090909087	4.4871784589942706e-06
WV..H	76	30	76	30	2.4838709677419355	4.457826346548571e-06
T.VM	76	30	76	30	2.4838709677419355	4.457826346548571e-06
V.....P.W	36	7	36	7	4.625	4.44559803139965e-06
S..Q....E	44	11	44	11	3.75	4.3042445485029e-06
E..RT	44	11	44	11	3.75	4.3042445485029e-06
M.....W.H	44	11	44	11	3.75	4.3042445485029e-06
C...R..H	44	11	44	11	3.75	4.3042445485029e-06
L.....RT	44	11	44	11	3.75	4.3042445485029e-06
L.K..I	44	11	44	11	3.75	4.3042445485029e-06
L..LP	73	28	73	28	2.5517241379310347	4.233061855684544e-06
TF.G	73	28	73	28	2.5517241379310347	4.233061855684544e-06
T.....QH	60	20	60	20	2.9047619047619047	4.223917490749661e-06
K.LG	60	20	60	20	2.9047619047619047	4.223917490749661e-06
I...QH	60	20	60	20	2.9047619047619047	4.223917490749661e-06
K.RG	60	20	60	20	2.9047619047619047	4.223917490749661e-06
NQ.V.D	27	3	27	3	7.000000000000001	4.192300504428382e-06
T.S..QH	27	3	27	3	7.000000000000001	4.192300504428382e-06
S..WVF	27	3	27	3	7.000000000000001	4.192300504428382e-06
S..QH...K	27	3	27	3	7.000000000000001	4.192300504428382e-06
WVF..F	27	3	27	3	7.000000000000001	4.192300504428382e-06
N.SVR	27	3	27	3	7.000000000000001	4.192300504428382e-06
NQ..Q.N	27	3	27	3	7.000000000000001	4.192300504428382e-06
NQ..Q.H	27	3	27	3	7.000000000000001	4.192300504428382e-06
WQH..T	27	3	27	3	7.000000000000001	4.192300504428382e-06
T.E.YK	27	3	27	3	7.000000000000001	4.192300504428382e-06
NQC.Q	27	3	27	3	7.000000000000001	4.192300504428382e-06
C..L..LC	27	3	27	3	7.000000000000001	4.192300504428382e-06
WNQ...D	27	3	27	3	7.000000000000001	4.192300504428382e-06
V.Y.A..E	27	3	27	3	7.000000000000001	4.192300504428382e-06
L...APR	27	3	27	3	7.000000000000001	4.192300504428382e-06
V.Y.SK	27	3	27	3	7.000000000000001	4.192300504428382e-06
LP.CD	27	3	27	3	7.000000000000001	4.192300504428382e-06
CL..L..C	27	3	27	3	7.000000000000001	4.192300504428382e-06
C.QL.K	27	3	27	3	7.000000000000001	4.192300504428382e-06
M...L....L	27	3	27	3	7.000000000000001	4.192300504428382e-06
WKLC	27	3	27	3	7.000000000000001	4.192300504428382e-06
L.KMC	27	3	27	3	7.000000000000001	4.192300504428382e-06
NQ...DH	27	3	27	3	7.000000000000001	4.192300504428382e-06
N.H..D	65	23	65	23	2.75	4.177955605249766e-06
N...Q...I	34	6	34	6	5	4.151111082897213e-06
WVFF	34	6	34	6	5	4.151111082897213e-06
ELY.A	34	6	34	6	5	4.151111082897213e-06
D..LP	46	12	46	12	3.615384615384616	4.064201975006387e-06
LWQ	90	39	90	39	2.2750000000000004	4.039315227306748e-06
NTH	87	37	87	37	2.3157894736842106	4.036526054237342e-06
VW.H	87	37	87	37	2.3157894736842106	4.036526054237342e-06
D....NE	55	17	55	17	3.111111111111111	4.013313126989288e-06
Q.R..C	55	17	55	17	3.111111111111111	4.013313126989288e-06
SF...P	55	17	55	17	3.111111111111111	4.013313126989288e-06
S..Q.N	84	35	84	35	2.361111111111111	3.995633034122504e-06
PN..V	70	26	70	26	2.6296296296296293	3.949245443183021e-06
W.FL	81	33	81	33	2.411764705882353	3.91259495880842e-06
SNW	81	33	81	33	2.411764705882353	3.91259495880842e-06
V.Y.ST	18	0	18	0	19	3.8033189975094135e-06
PREL.K	18	0	18	0	19	3.8033189975094135e-06
ML..EA.R	18	0	18	0	19	3.8033189975094135e-06
ELYKI	18	0	18	0	19	3.8033189975094135e-06
E.DA..E	18	0	18	0	19	3.8033189975094135e-06
HC.E.NEP	18	0	18	0	19	3.8033189975094135e-06
C.V..KCC	18	0	18	0	19	3.8033189975094135e-06
HC.E.NE	18	0	18	0	19	3.8033189975094135e-06
ELY....I	18	0	18	0	19	3.8033189975094135e-06
ELYKT	18	0	18	0	19	3.8033189975094135e-06
E.DAV.E	18	0	18	0	19	3.8033189975094135e-06
YQP.W.T	18	0	18	0	19	3.8033189975094135e-06
H..FPRT	18	0	18	0	19	3.8033189975094135e-06
QRYQ..W	18	0	18	0	19	3.8033189975094135e-06
YQP.WQ	18	0	18	0	19	3.8033189975094135e-06
QRYQP	18	0	18	0	19	3.8033189975094135e-06
ELY....Y	18	0	18	0	19	3.8033189975094135e-06
T....P.EP	18	0	18	0	19	3.8033189975094135e-06
V.DAV.E	18	0	18	0	19	3.8033189975094135e-06
HC.E.NT	18	0	18	0	19	3.8033189975094135e-06
PRELY	18	0	18	0	19	3.8033189975094135e-06
EL..EA.R	18	0	18	0	19	3.8033189975094135e-06
C.M.LP.C	18	0	18	0	19	3.8033189975094135e-06
